0.00177390
0.00706478
0.00536783
0.03432595
-0.07804812
-0.00369330
-0.00741605
0.01186797
0.01948152
-0.06436608
0.01050426
-0.01222825
0.00816478
0.01659909
-0.00641031
0.00979096
-0.00110991
0.01357532
0.01978395
-0.04210509
0.02423989
-0.06991294
-0.00369330
-0.06436608
0.01978395
0.01948152
0.00536783
-0.01222825
0.00900743
0.02423989
0.01050426
0.01357532
0.01659909
-0.00741605
-0.06991294
-0.00110991
0.00979096
0.03432595
-0.07804812
0.00706478
-0.04210509
-0.00641031
0.00816478
0.00177390
0.00979096
-0.00369330
0.03432595
0.01050426
0.00816478
0.00536783
-0.07804812
-0.00741605
0.01659909
-0.01222825
-0.00641031
0.00177390
0.01978395
0.01357532
-0.06436608
0.01948152
0.04434553
-0.06991294
0.02423989
0.00706478
-0.04210509
-0.00110991
0.00177390
-0.00641031
-0.06436608
-0.00369330
0.01948152
0.01357532
0.11467135
-0.04210509
0.01659909
0.00816478
-0.00741605
-0.00110991
-0.06991294
0.08267225
0.02423989
0.01978395
-0.01222825
0.03432595
0.01050426
0.00979096
-0.07804812
0.00706478
-0.06436608
-0.00741605
-0.00110991
-0.00641031
0.01050426
-0.00369330
0.02423989
-0.01222825
0.11467135
0.00706478
0.01948152
0.01357532
-0.06991294
0.00979096
0.00177390
0.09623422
-0.04210509
-0.07804812
0.01659909
0.01978395
0.00816478
0.03432595
0.01948152
0.01659909
0.02423989
-0.06436608
-0.01222825
0.00177390
0.01978395
0.11467135
0.00706478
0.00816478
-0.00110991
-0.07804812
-0.04210509
-0.06991294
0.03432595
-0.00369330
0.01357532
0.00979096
0.01050426
-0.00641031
-0.00741605
0.08314176
0.00816478
0.01978395
-0.00110991
0.00979096
-0.00641031
0.01659909
0.01948152
-0.07804812
0.01357532
0.03432595
-0.06436608
0.01050426
-0.01719887
-0.00741605
-0.06991294
-0.00992135
-0.01222825
0.02423989
0.00706478
-0.00369330
0.00177390
-0.04210509
0.00177390
0.01050426
-0.00110991
-0.06991294
0.00816478
0.00979096
-0.02874962
0.01948152
0.02423989
0.01357532
-0.06436608
0.01659909
-0.00641031
-0.00369330
-0.01222825
0.03432595
0.01978395
-0.04210509
0.00706478
-0.01719887
-0.07804812
-0.00741605
0.01948152
0.01978395
0.00979096
-0.01222825
-0.06436608
0.00816478
-0.00110991
0.01659909
-0.02390924
-0.07804812
-0.00741605
-0.00641031
0.01357532
-0.04210509
0.02423989
0.00177390
-0.00369330
-0.01719887
0.03432595
0.00706478
-0.06991294
0.01050426
0.01357532
0.02423989
0.01948152
0.03432595
-0.04210509
0.00195393
0.01659909
-0.00641031
0.00706478
-0.00110991
0.00816478
-0.01222825
0.00979096
0.01050426
0.01978395
-0.07804812
-0.06436608
0.00177390
-0.00369330
-0.00741605
-0.01719887
-0.06991294
0.01978395
-0.07804812
-0.00369330
0.10005533
0.02423989
0.03432595
-0.01222825
-0.00641031
0.00979096
0.00706478
0.01948152
0.09944083
-0.00741605
-0.06991294
-0.00110991
0.00177390
0.01050426
0.01659909
-0.04210509
0.00816478
-0.06436608
0.01357532
-0.07804812
0.00816478
0.02423989
0.01357532
-0.04210509
0.01978395
0.00177390
-0.06991294
0.03432595
0.08013356
-0.01222825
-0.00110991
0.01050426
-0.06436608
-0.00741605
0.10005533
0.01659909
-0.00369330
0.00979096
0.00706478
0.01948152
-0.00641031
-0.06436608
0.01978395
-0.07804812
0.02423989
0.00706478
-0.01222825
0.01948152
0.03432595
-0.00110991
0.01659909
0.00979096
0.10005533
-0.06991294
-0.00641031
0.01050426
0.01357532
0.06875860
-0.04210509
-0.00741605
-0.00369330
0.00816478
0.00177390
-0.01222825
-0.00369330
0.05330184
0.10005533
0.01659909
0.00177390
0.01357532
0.01050426
0.02423989
0.01948152
-0.06436608
-0.07804812
0.01978395
-0.00741605
-0.04210509
-0.00110991
0.00706478
-0.00641031
0.03432595
0.00816478
0.00979096
-0.06991294
0.01948152
-0.00110991
0.05845065
0.00816478
-0.06436608
0.00177390
0.03432595
0.02423989
0.01050426
-0.07804812
0.01357532
0.00979096
0.01659909
-0.00369330
0.01978395
-0.06991294
-0.01222825
-0.00741605
0.00706478
-0.04210509
-0.00641031
0.10005533
0.01050426
-0.04210509
-0.06436608
0.00706478
-0.06991294
0.00979096
-0.07804812
-0.00741605
-0.01222825
0.01659909
0.00816478
0.00177390
0.03432595
0.01978395
0.10005533
-0.00369330
-0.00641031
-0.00455044
0.01948152
-0.00110991
0.01357532
0.02423989
0.00177390
0.01948152
-0.06991294
-0.00110991
0.00816478
-0.04210509
-0.06436608
0.02423989
0.01978395
0.01659909
-0.07804812
0.01050426
-0.00369330
0.00706478
-0.01222825
0.00979096
0.10005533
-0.00741605
-0.00641031
-0.02104929
0.03432595
0.01357532
-0.00741605
0.01357532
0.03432595
-0.00369330
-0.07804812
0.01948152
0.00816478
-0.04210509
-0.06991294
0.01685857
0.00177390
0.01978395
0.01050426
-0.01222825
0.02844900
0.01659909
0.02423989
-0.00110991
-0.06436608
0.00979096
0.00706478
-0.00641031
0.01948152
0.02423989
0.09211956
-0.07804812
0.01978395
0.00979096
0.02844900
0.01659909
-0.06436608
0.01050426
-0.06991294
0.00706478
0.00816478
-0.00741605
-0.04210509
-0.01222825
0.01357532
0.00177390
-0.00641031
0.03432595
-0.00110991
-0.00369330
0.02844900
-0.00369330
0.01050426
0.01978395
0.01948152
0.02423989
0.00816478
-0.00110991
-0.07804812
0.03432595
0.01659909
-0.00741605
0.00177390
0.01357532
-0.01222825
0.00979096
0.04459880
0.00706478
-0.06436608
-0.06991294
-0.00641031
-0.04210509
-0.01222825
0.01948152
-0.01374562
0.02423989
0.00177390
0.01050426
0.01357532
-0.00369330
-0.06436608
-0.00741605
0.02844900
-0.00641031
0.01978395
0.03432595
0.00706478
-0.07804812
-0.00110991
0.00979096
-0.06991294
0.01659909
-0.04210509
0.00816478
-0.06991294
0.01659909
0.00706478
0.02423989
-0.01222825
0.01978395
0.00177390
0.01357532
0.02844900
-0.01670614
-0.00110991
-0.00369330
0.03432595
0.00979096
0.01948152
-0.00741605
-0.04210509
-0.07804812
0.01050426
-0.06436608
-0.00641031
0.00816478
-0.06436608
-0.00110991
0.00177390
-0.06991294
-0.00741605
0.00816478
-0.00641031
-0.01222825
0.00000107
0.00979096
-0.04210509
0.01357532
0.01978395
0.02423989
0.01659909
-0.00369330
-0.07804812
0.03432595
0.00706478
0.01802843
0.01050426
0.01948152
-0.07804812
-0.00110991
-0.01098063
-0.06436608
0.01978395
-0.00369330
0.01948152
0.01659909
0.00816478
0.03432595
0.01050426
0.00706478
-0.00741605
0.00177390
-0.01222825
-0.00641031
-0.06991294
-0.04210509
0.02423989
0.00979096
0.00000107
0.01357532
0.01357532
0.00706478
-0.01356375
0.01050426
-0.00641031
-0.00369330
-0.07804812
0.02423989
0.03432595
0.01948152
0.00177390
0.00816478
-0.01222825
0.00000107
0.00979096
-0.06991294
-0.00110991
-0.00741605
0.01659909
-0.06436608
-0.04210509
0.01978395
0.01659909
0.00000107
0.00979096
0.02423989
0.03432595
0.00177390
-0.06991294
-0.00641031
0.00706478
-0.06436608
-0.07804812
-0.00110991
-0.00741605
0.01948152
0.01357532
0.01050426
-0.04210509
0.00534317
-0.00369330
0.01978395
0.00816478
-0.01222825
-0.00110991
0.00706478
0.00000107
0.01978395
0.01659909
-0.00741605
-0.04210509
-0.06436608
0.01050426
-0.06991294
0.00979096
-0.07804812
0.02423989
-0.00369330
-0.01222825
0.00816478
0.01948152
-0.00641031
0.00177390
0.01357532
0.03432595
0.04425579
-0.07804812
-0.04210509
-0.06436608
-0.00741605
-0.00369330
-0.01222825
0.01978395
0.02423989
0.00000107
0.00979096
-0.02756839
0.01659909
0.01948152
-0.00110991
0.00816478
0.03432595
0.01357532
0.01050426
0.00706478
-0.00641031
-0.06991294
0.00177390
-0.00369330
0.04136241
-0.01222825
-0.00641031
0.03432595
0.00177390
-0.06991294
0.01978395
-0.06436608
0.01948152
-0.00110991
0.01659909
0.00979096
0.01050426
0.00706478
-0.00106412
-0.00741605
0.01357532
0.00816478
0.02423989
-0.04210509
-0.07804812
0.01050426
0.01978395
-0.00110991
-0.07804812
0.00979096
0.02423989
-0.00106412
-0.06991294
0.01357532
0.00177390
-0.00641031
-0.06436608
-0.01222825
-0.00741605
-0.00369330
-0.04210509
0.00816478
0.00160497
0.01659909
0.01948152
0.03432595
0.00706478
0.00706478
0.01978395
-0.00369330
0.01050426
0.01948152
0.03432595
-0.07804812
-0.06991294
-0.00741605
0.01077691
-0.00641031
-0.01222825
0.00177390
-0.00106412
0.01659909
-0.00110991
0.02423989
-0.06436608
0.00979096
0.00816478
0.01357532
-0.04210509
0.01978395
0.02423989
-0.01222825
-0.00641031
-0.00369330
0.01374449
0.00816478
-0.06436608
0.01659909
0.01948152
0.01050426
-0.07804812
-0.00741605
-0.00106412
0.03432595
0.00979096
0.00177390
-0.06991294
-0.04210509
-0.00110991
0.00706478
0.01357532
0.01659909
0.00979096
0.01357532
-0.00527393
-0.06436608
-0.04210509
0.00177390
0.03432595
0.00706478
-0.05906908
-0.00641031
-0.00741605
-0.06991294
-0.07804812
-0.00110991
0.02423989
0.00816478
-0.00369330
0.01978395
0.01050426
0.01948152
-0.01222825
0.01659909
-0.04210509
-0.06436608
0.01948152
0.02423989
0.01922636
-0.06991294
0.00706478
-0.00641031
-0.00369330
-0.01222825
0.00177390
0.03432595
-0.05906908
-0.07804812
0.00816478
0.00979096
0.01357532
-0.00110991
0.01050426
-0.00741605
0.01978395
0.01357532
0.00706478
-0.00369330
0.01659909
-0.05906908
-0.07804812
-0.04210509
-0.00741605
0.01978395
-0.01222825
-0.06991294
0.01948152
-0.00110431
-0.06436608
-0.00110991
0.00816478
0.01050426
0.00979096
0.02423989
0.00177390
0.03432595
-0.00641031
-0.00110991
0.00816478
0.02423989
-0.06991294
0.00627448
-0.00741605
0.00706478
0.01948152
0.01978395
0.03432595
0.01050426
0.01659909
-0.06436608
0.01357532
-0.01222825
0.00979096
0.02675528
-0.07804812
-0.04210509
-0.00641031
-0.00369330
0.00177390
0.00816478
-0.00641031
-0.00110991
-0.01222825
0.00706478
0.00627448
0.01050426
-0.06991294
-0.07804812
0.01659909
0.03432595
0.01978395
-0.00369330
0.02423989
0.01357532
-0.00741605
0.00177390
-0.04210509
-0.01242038
0.00979096
-0.06436608
0.01948152
-0.00369330
0.00979096
-0.00641031
0.01659909
-0.00110991
0.03432595
0.00706478
0.01050426
0.01948152
0.00816478
0.02423989
0.00627448
-0.04210509
0.00177390
-0.06436608
0.01978395
-0.07804812
-0.06991294
0.00103390
-0.01222825
0.01357532
-0.00741605
0.00850705
-0.01222825
-0.06991294
0.03432595
-0.06436608
0.01659909
0.01948152
0.01357532
-0.00110991
0.02423989
-0.00641031
0.00979096
-0.00741605
0.00177390
-0.00369330
0.00706478
0.01211773
0.01050426
0.00816478
-0.04210509
0.01978395
-0.07804812
0.01050426
0.02423989
-0.04210509
-0.01222825
0.01659909
-0.00641031
0.01978395
-0.00369330
0.01211773
-0.06436608
0.13969895
0.01357532
-0.07804812
0.00706478
0.00979096
-0.06991294
0.00177390
0.01948152
0.03432595
-0.00741605
-0.00110991
0.00816478
-0.00741605
-0.06436608
0.02423989
0.01211773
0.01050426
-0.06991294
-0.04210509
0.01948152
-0.00110991
-0.07804812
0.00979096
-0.01222825
0.01978395
0.00816478
0.01357532
0.04603880
-0.00641031
-0.00369330
0.00177390
0.01659909
0.00706478
0.03432595
-0.06436608
-0.04210509
0.03432595
-0.07804812
0.01050426
0.00979096
0.01357532
-0.01005330
-0.00641031
0.01978395
0.00706478
-0.06991294
-0.00741605
0.00816478
0.01948152
0.01659909
0.02423989
0.00177390
-0.00369330
-0.00110991
-0.01222825
-0.02549868
0.01948152
-0.00369330
0.01050426
-0.07804812
0.03432595
-0.00741605
-0.04210509
-0.06436608
0.00177390
-0.00110991
0.02423989
-0.00641031
0.01659909
0.01978395
-0.01222825
0.00706478
-0.06991294
0.00979096
0.00816478
0.00084346
0.01357532
-0.01005330
-0.06991294
-0.00641031
0.02423989
0.00816478
0.00177390
-0.06436608
0.01659909
-0.01222825
-0.01005330
-0.00741605
0.01978395
0.01050426
0.00706478
0.01357532
-0.07804812
-0.01222500
-0.04210509
0.01948152
0.03432595
-0.00369330
-0.00110991
0.00979096
0.01050426
-0.07072295
0.03432595
0.02423989
-0.04210509
0.00979096
0.01978395
0.01948152
-0.00110991
-0.00741605
-0.01222825
-0.06991294
-0.00641031
0.01357532
0.00816478
-0.00369330
0.00177390
-0.01005330
-0.06436608
0.01659909
-0.07804812
0.00706478
-0.06436608
-0.00641031
-0.00741605
0.02423989
-0.04210509
0.01357532
0.01230655
-0.01222825
0.01948152
0.00816478
0.01659909
-0.00110991
0.03432595
0.00177390
-0.06991294
0.01978395
0.00979096
0.01050426
0.00706478
-0.00369330
-0.07804812
0.02387961
0.01653326
0.01978395
-0.00641031
-0.00369330
-0.07804812
0.01357532
-0.04210509
0.00816478
-0.00110991
-0.06436608
0.01948152
-0.01222825
0.01659909
0.02423989
0.03432595
-0.00741605
0.01050426
0.00177390
0.01230655
0.00979096
0.00706478
-0.06991294
-0.00641031
-0.07804812
-0.00110991
0.00816478
0.00979096
-0.01837524
0.01978395
0.01050426
-0.06991294
-0.00741605
0.01357532
0.01948152
-0.00369330
-0.01222825
-0.06436608
0.02991517
0.01659909
0.00177390
0.02423989
0.03432595
-0.04210509
0.00706478
0.00706478
-0.00369330
0.01978395
0.00816478
0.01357532
-0.04210509
-0.01222825
0.01659909
0.02991517
-0.00641031
0.03432595
-0.00110991
-0.00741605
-0.06436608
-0.07804812
0.01050426
-0.03386030
0.00177390
0.01948152
-0.06991294
0.00979096
0.02423989
0.01948152
0.01659909
0.03432595
-0.00110991
-0.06436608
-0.00741605
0.00816478
0.00706478
-0.01222825
-0.00369330
0.00979096
-0.04210509
0.01978395
0.02423989
0.01357532
0.00092657
0.01050426
-0.07804812
0.02991517
-0.00641031
-0.06991294
0.00177390
-0.00741605
0.00816478
0.01948152
-0.07804812
0.02423989
-0.00641031
0.01357532
-0.01222825
0.02991517
-0.00110991
-0.02509001
0.01659909
0.00979096
-0.06436608
0.01978395
0.03432595
-0.06991294
-0.00369330
0.01050426
-0.04210509
0.00706478
0.00177390
-0.00641031
0.00816478
0.01050426
0.01659909
0.01357532
-0.04210509
-0.00741605
-0.07804812
0.01978395
-0.00369330
0.00177390
0.00973469
0.00979096
0.01948152
0.00706478
-0.00110991
0.02423989
-0.06436608
-0.01222825
-0.06991294
0.02991517
0.03432595
0.00816478
0.03432595
-0.07804812
0.00542514
0.00979096
-0.00369330
0.01978395
-0.06436608
-0.00741605
-0.06991294
-0.04210509
0.00177390
0.01050426
0.01357532
-0.01336313
-0.00641031
-0.00110991
0.00706478
-0.01222825
0.01659909
0.01948152
0.02423989
0.00816478
-0.06436608
-0.00741605
-0.00110991
-0.01336313
-0.00369330
-0.06991294
0.00979096
0.04449032
-0.07804812
0.00177390
0.01978395
0.00706478
-0.04210509
-0.01222825
0.01948152
0.03432595
0.01659909
0.01050426
0.01357532
-0.00641031
0.02423989
-0.00641031
-0.00741605
-0.06436608
-0.07804812
0.00816478
0.03432595
0.00979096
0.02423989
0.01357532
0.01978395
-0.02964824
0.00706478
0.01659909
-0.00110991
-0.01336313
-0.01222825
0.00177390
-0.06991294
0.01050426
-0.04210509
-0.00369330
0.01948152
0.00706478
-0.00110991
-0.00741605
0.01978395
-0.06991294
0.01357532
0.05110394
0.02423989
-0.06436608
0.01948152
-0.01336313
0.03432595
0.01050426
0.00979096
-0.04210509
0.00816478
0.00177390
-0.01222825
0.01659909
-0.00641031
-0.07804812
-0.00369330
0.01948152
-0.00110991
0.01050426
-0.04210509
-0.06991294
-0.01336313
-0.00641031
-0.00369330
0.00979096
-0.06436608
0.01659909
0.02423989
0.00816478
0.03432595
0.00706478
0.00177390
-0.07804812
0.01978395
-0.00741605
0.03653882
0.01357532
-0.01222825
-0.04210509
-0.00741605
0.00979096
0.01050426
0.00816478
0.02423989
0.01978395
0.01659909
-0.06991294
-0.00369330
0.01357532
0.00177390
-0.00641031
0.00706478
-0.00110991
0.01948152
-0.06436608
0.02728609
0.03432595
0.05092477
-0.07804812
-0.01222825
0.00709954
-0.06991294
0.02423989
0.00177390
-0.00369330
0.01659909
-0.00741605
0.01948152
-0.04210509
0.01050426
0.01357532
-0.00110991
0.05092477
-0.07804812
0.00979096
0.03432595
-0.00641031
-0.06436608
-0.01222825
0.01978395
0.00816478
0.00706478
0.00706478
0.05092477
-0.06991294
0.01357532
0.02423989
0.00979096
0.04886719
-0.07804812
0.01948152
-0.00369330
0.01659909
-0.00641031
-0.01222825
0.01978395
-0.00110991
0.00177390
-0.06436608
-0.00741605
0.00816478
0.03432595
0.01050426
-0.04210509
-0.00369330
-0.06436608
0.03432595
0.00706478
-0.00110991
-0.01222825
0.01948152
-0.04210509
-0.06991294
-0.00641031
0.02423989
0.00177390
0.01050426
0.00202144
0.05092477
0.00979096
0.01978395
0.00816478
-0.00741605
0.01659909
-0.07804812
0.01357532
-0.06436608
-0.06991294
0.01357532
0.00816478
0.00979096
0.00177390
0.01659909
0.05092477
-0.00741605
-0.07804812
0.01978395
-0.00369330
-0.04210509
-0.00110991
-0.01222825
0.00706478
0.03432595
0.01948152
0.01050426
0.02423989
-0.00641031
0.00323325
0.01357532
0.01659909
0.01050426
-0.01222825
0.00177390
0.03432595
0.00706478
0.01948152
-0.00110991
0.06395965
0.00979096
-0.06436608
-0.04210509
0.02423989
0.00816478
0.02563411
-0.00369330
-0.00641031
0.01978395
-0.06991294
-0.07804812
-0.00741605
0.06872409
0.03432595
-0.00641031
-0.04210509
0.00979096
-0.06991294
0.06395965
-0.01222825
0.00706478
-0.07804812
0.02423989
-0.00741605
-0.00369330
-0.00110991
0.01357532
0.01050426
-0.06436608
0.01948152
0.01659909
0.00177390
0.00816478
0.01978395
-0.00741605
-0.06991294
0.06395965
0.02423989
0.00706478
-0.00110991
-0.00369330
-0.00641031
-0.06436608
0.01978395
0.01948152
0.01659909
-0.04210509
-0.01222825
-0.07804812
0.01050426
0.00979096
0.00177390
0.08743708
0.00816478
0.01357532
0.03432595
0.00177390
0.01978395
0.01050426
0.06395965
-0.00641031
-0.00741605
0.00706478
0.00816478
0.03432595
-0.06991294
-0.04210509
0.02423989
-0.07804812
0.01948152
-0.00369330
0.01357532
0.00979096
-0.00110991
0.01659909
0.01979142
-0.06436608
-0.01222825
-0.06991294
-0.00641031
-0.06436608
0.00979096
0.02423989
-0.00110991
0.02033813
-0.04210509
-0.01222825
0.01978395
0.01050426
0.01357532
0.00706478
-0.07804812
0.00177390
0.03432595
-0.00369330
0.01948152
-0.00741605
0.01659909
0.06395965
0.00816478
-0.06991294
0.01719132
-0.00369330
-0.04210509
-0.06436608
-0.07804812
0.00816478
0.01050426
-0.00641031
-0.00741605
-0.01222825
0.01659909
0.01978395
-0.00110991
0.01357532
0.00177390
0.06395965
0.00706478
0.02423989
0.03432595
0.01948152
0.00979096
0.01659909
0.01948152
-0.06991294
0.03432595
-0.04210509
-0.00641031
-0.06436608
0.01050426
-0.00369330
-0.01222825
-0.00110991
0.00706478
0.00816478
-0.00741605
-0.02092557
0.06395965
0.01357532
0.00979096
0.02423989
0.01978395
0.00177390
-0.07804812
0.00706478
0.00816478
0.03432595
-0.00110991
0.01357532
-0.04210509
0.01948152
-0.06991294
-0.01222825
0.02423989
-0.00741605
-0.00369330
0.01659909
0.01050426
0.00723846
-0.06436608
0.00177390
-0.00641031
0.01978395
-0.07804812
0.00979096
0.06395965
0.01978395
-0.03244743
-0.01005831
-0.00741605
-0.00369330
0.02423989
0.01948152
0.00816478
-0.06991294
-0.04210509
-0.00641031
0.01050426
0.01357532
0.03432595
-0.01222825
0.00979096
-0.06436608
0.00706478
-0.07804812
-0.00110991
0.00177390
0.01659909
0.02423989
0.01659909
0.01799541
-0.00741605
0.03432595
-0.04210509
0.00177390
-0.00369330
0.01357532
0.00816478
0.01050426
-0.01222825
-0.00110991
0.01978395
-0.03244743
-0.07804812
0.00979096
0.01948152
0.00706478
-0.00641031
-0.06991294
-0.06436608
0.00706478
-0.00369330
-0.03244743
0.01357532
-0.04210509
-0.00741605
0.01659909
-0.00110991
0.01978395
0.00177390
-0.06991294
-0.00641031
0.00979096
0.03432595
-0.07804812
0.01948152
-0.01222825
-0.00879631
0.02423989
0.00816478
0.01050426
-0.06436608
0.00816478
-0.00369330
-0.00110991
0.02423989
-0.00741605
0.01659909
-0.06436608
0.00979096
-0.03244743
0.01948152
-0.06991294
0.01978395
-0.00641031
0.02677988
-0.01222825
0.01357532
0.00706478
-0.07804812
0.00177390
-0.04210509
0.03432595
0.01050426
-0.06991294
0.03432595
0.00706478
0.01050426
-0.00110991
0.00979096
0.00177390
0.00816478
0.02423989
-0.04210509
-0.06436608
0.01948152
-0.01222825
-0.00369330
0.01659909
0.01436171
-0.07804812
0.01978395
0.00706168
-0.00641031
0.01357532
-0.00741605
0.04647441
0.01357532
0.03432595
0.01659909
0.00979096
-0.00741605
-0.06436608
-0.06991294
-0.00641031
0.00706478
0.01050426
-0.01222825
-0.00369330
-0.00110991
0.01978395
0.00816478
0.02423989
0.00177390
0.01436171
0.01948152
-0.04210509
-0.07804812
-0.00641031
-0.07804812
-0.06991294
-0.00369330
0.02423989
-0.00110991
0.01050426
0.01978395
0.03432595
-0.04210509
0.01357532
0.00706478
-0.01222825
0.01436171
-0.00741605
0.00177390
0.01659909
0.04620000
-0.06436608
0.00979096
0.01948152
0.00816478
-0.00369330
-0.07804812
0.02423989
-0.00641031
0.01659909
-0.00741605
0.00706478
-0.06991294
0.03432595
-0.00110991
-0.04210509
0.00816478
-0.06436608
-0.01222825
-0.01920822
0.00979096
0.00177390
0.01978395
0.01436171
0.01050426
0.01948152
0.01357532
-0.07804812
-0.00741605
0.00816478
-0.04210509
-0.01176383
0.00706478
0.01357532
0.02423989
-0.01222825
-0.06991294
0.01050426
0.01978395
-0.00641031
0.01436171
-0.06436608
0.01659909
0.01948152
-0.00369330
-0.00110991
0.00177390
0.03432595
0.00979096
0.01659909
-0.00369330
0.00177390
-0.04210509
0.00979096
-0.01222825
0.01357532
0.01050426
-0.00110991
0.01948152
0.03432595
-0.06436608
-0.00641031
0.02423989
-0.07804812
-0.00741605
0.00706478
-0.06991294
0.01436171
0.01978395
0.01077036
0.00816478
0.00706478
-0.01222825
-0.00369330
0.01050426
0.01948152
0.00816478
-0.00641031
-0.06991294
-0.06436608
0.01978395
-0.07804812
0.01357532
0.01659909
-0.04210509
-0.00817692
-0.00110991
0.05733731
0.02423989
-0.00741605
0.00177390
0.00979096
0.03432595
0.00177390
-0.00641031
-0.04210509
-0.00110991
-0.01222825
0.01948152
0.02789886
-0.00741605
-0.06991294
-0.07804812
-0.00369330
0.01659909
0.03432595
0.00706478
0.00816478
0.01357532
-0.00817692
-0.06436608
0.01978395
0.02423989
0.01050426
0.00979096
0.00979096
-0.00369330
-0.01222825
-0.04210509
0.00816478
0.01978395
0.02423989
0.01357532
-0.06991294
0.01659909
0.02666101
-0.07804812
0.00177390
0.00706478
-0.06436608
-0.00741605
0.01948152
-0.00110991
0.03432595
-0.00641031
-0.00817692
0.01050426
-0.06991294
0.02423989
0.00979096
-0.00817692
0.01978395
0.00816478
-0.06436608
0.03432595
-0.00110991
0.01659909
0.05434275
0.01948152
-0.00369330
-0.01222825
-0.04210509
0.00177390
0.01050426
-0.07804812
-0.00741605
0.01357532
-0.00641031
0.00706478
-0.01222825
-0.04210509
0.01978395
0.00979096
0.01720704
0.00706478
0.01357532
0.01948152
0.00816478
-0.00817692
-0.00110991
-0.00641031
-0.07804812
-0.06991294
-0.06436608
-0.00369330
0.02423989
0.03432595
0.01050426
0.00177390
0.01659909
-0.00741605
0.00706478
0.01357532
-0.04210509
0.01948152
0.00979096
-0.01222825
-0.00022287
-0.00641031
-0.07804812
-0.06436608
0.03432595
0.01978395
-0.01015779
0.01050426
0.00177390
-0.06991294
-0.00741605
-0.00369330
0.01659909
0.00816478
0.02423989
-0.00110991
0.00979096
0.01659909
-0.00369330
0.01357532
-0.06991294
-0.04210509
0.01978395
0.00706478
-0.01015779
-0.00741605
0.00295206
-0.00110991
-0.01222825
-0.00641031
0.00177390
0.01948152
-0.06436608
-0.07804812
0.02423989
0.03432595
0.01050426
0.00816478
-0.07804812
0.00816478
0.00112252
-0.00369330
-0.01015779
-0.00641031
0.01659909
0.00177390
0.01978395
0.03432595
0.01050426
-0.06991294
-0.00110991
0.00706478
0.02423989
-0.01222825
0.01948152
0.01357532
0.00979096
-0.06436608
-0.00741605
-0.04210509
0.01357532
-0.00592613
0.01050426
0.01978395
0.00979096
0.02423989
0.00706478
0.00816478
0.01948152
0.00177390
-0.00641031
0.01659909
-0.00110991
-0.06991294
0.03432595
-0.00369330
-0.07804812
-0.01015779
-0.04210509
-0.01222825
-0.00741605
-0.06436608
0.01357532
0.01659909
0.00816478
-0.01015779
0.00177390
-0.03291364
0.00979096
-0.01222825
-0.04210509
0.02423989
-0.00369330
0.01978395
-0.00110991
-0.06436608
-0.06991294
0.01050426
-0.00741605
0.03432595
-0.07804812
-0.00641031
0.00706478
0.01948152
0.03432595
-0.00641031
0.00177390
0.01948152
0.00816478
0.02423989
-0.07804812
0.00979096
0.01357532
0.04019477
0.01050426
-0.01222825
-0.00369330
0.00706478
-0.00110991
-0.06436608
-0.04210509
0.01659909
0.01978395
-0.06991294
-0.00741605
0.03820772
0.01948152
0.01659909
-0.00641031
0.01050426
0.00177390
-0.00369330
-0.04210509
0.03432595
-0.00110991
0.07225056
0.04019477
0.00816478
-0.07804812
-0.01222825
0.00979096
0.01357532
-0.00741605
-0.06991294
-0.06436608
0.00706478
0.01978395
0.02423989
0.01978395
-0.06436608
-0.00110991
0.01357532
0.00706478
0.01659909
0.04019477
-0.01222825
0.03432595
0.00979096
0.01442293
-0.06991294
0.01050426
-0.07804812
0.00177390
0.02423989
-0.04210509
-0.00641031
-0.00369330
0.00816478
0.01948152
-0.00741605
0.01095320
0.01978395
0.00706478
0.01659909
-0.00110991
0.00979096
-0.06436608
-0.01222825
-0.00369330
0.01948152
0.01357532
0.04966407
-0.00641031
0.02423989
0.01050426
-0.07804812
-0.00741605
-0.04210509
0.00177390
0.00816478
0.03432595
-0.06991294
0.00816478
-0.06991294
0.01050426
0.01978395
-0.06436608
0.00706478
0.01659909
0.00979096
0.02423989
-0.00110991
0.04966407
-0.07804812
0.01357532
-0.00641031
0.00177390
-0.00741605
0.03432595
-0.01222825
0.07682552
-0.04210509
-0.00369330
0.01948152
0.03432595
-0.00641031
0.01978395
0.01948152
-0.06436608
0.02423989
-0.01182053
0.04966407
-0.07804812
-0.00741605
-0.01222825
0.00816478
0.00979096
0.00706478
-0.04210509
0.01050426
0.01659909
-0.00369330
-0.00110991
0.00177390
0.01357532
-0.06991294
0.01948152
0.01659909
-0.00369330
0.00706478
-0.06991294
-0.00641031
-0.00110991
0.03432595
0.04966407
-0.01222825
0.03775223
-0.04210509
0.01978395
0.00979096
0.02423989
0.00177390
0.01357532
0.01050426
-0.00741605
0.00816478
-0.06436608
-0.07804812
-0.06991294
-0.00741605
0.01357532
0.00177390
0.00816478
0.02423989
-0.07804812
0.01659909
-0.01222825
0.00706478
0.02076296
-0.06436608
0.01978395
-0.00369330
0.01050426
-0.00641031
-0.00110991
0.00979096
0.03432595
0.01948152
0.04966407
-0.04210509
-0.07804812
-0.01222825
0.01978395
0.01357532
0.02423989
0.01659909
0.00706478
0.01050426
-0.00110991
-0.06436608
0.00816478
0.03432595
-0.06991294
0.00164864
0.00177390
-0.00641031
-0.00369330
0.01948152
-0.04210509
0.01237268
-0.00741605
0.00979096
0.00979096
-0.00369330
-0.06436608
-0.06991294
-0.07804812
0.00706478
0.01659909
0.01357532
0.00177390
0.01978395
0.01948152
0.00164864
-0.01264330
-0.04210509
-0.00641031
-0.00110991
0.03432595
-0.01222825
0.00816478
-0.00741605
0.02423989
0.01050426
0.00706478
0.00979096
-0.06436608
-0.04210509
0.03432595
-0.00369330
0.01659909
0.01948152
-0.00641031
-0.00110991
-0.07804812
-0.06991294
0.00177390
0.01050426
-0.00741605
0.00164864
0.01978395
-0.01222825
0.01073691
0.00816478
0.02423989
0.01357532
-0.06436608
0.00164864
-0.06991294
-0.07804812
-0.00741605
0.01357532
-0.00369330
0.00979096
-0.00110991
0.02423989
0.01659909
0.03432595
0.00706478
0.00177390
-0.00641031
0.01948152
-0.04210509
-0.01657681
0.00816478
-0.01222825
0.01978395
0.01050426
0.01659909
-0.07804812
0.01050426
0.00979096
-0.04210509
-0.00369330
-0.00741605
-0.01222825
0.00706478
0.01978395
-0.06991294
-0.00110991
0.03432595
0.01948152
-0.06436608
0.00164864
0.01357532
-0.00641031
0.00177390
0.00778130
0.02423989
0.00816478
-0.02165464
0.02423989
-0.00110991
-0.00641031
0.01948152
-0.07804812
0.01659909
0.01050426
0.03432595
0.00177390
0.01357532
-0.01222825
0.00979096
0.00164864
-0.04210509
0.00706478
-0.00741605
-0.00369330
0.00816478
0.01978395
-0.06436608
-0.06991294
0.01978395
0.00979096
-0.04815224
-0.04210509
0.01050426
0.01948152
0.00706478
-0.06436608
0.00816478
-0.00110991
-0.06991294
0.00164864
-0.07804812
-0.00641031
-0.00741605
0.01659909
0.01357532
0.00177390
0.02423989
0.03432595
-0.01222825
-0.00369330
-0.00369330
-0.01588931
0.00816478
0.01978395
-0.00641031
0.03432595
0.00979096
0.00706478
-0.04210509
0.01659909
0.01948152
-0.00110991
-0.01222825
-0.00741605
-0.06436608
-0.06991294
-0.07804812
0.02423989
0.00177390
-0.01855573
0.01050426
0.01357532
-0.04210509
0.01050426
-0.00110991
-0.00369330
0.00979096
-0.06436608
-0.06991294
-0.00641031
-0.01949782
0.01948152
0.00706478
-0.00741605
-0.01855573
0.01659909
-0.07804812
0.01978395
-0.01222825
0.03432595
0.00816478
0.00177390
0.02423989
0.01357532
-0.00741605
-0.00110991
0.01357532
0.00177390
0.02014073
0.02423989
-0.01222825
-0.00369330
-0.01855573
-0.06991294
0.01978395
-0.06436608
0.03432595
0.00706478
0.00979096
0.01050426
-0.07804812
0.00816478
-0.00641031
-0.04210509
0.01659909
0.01948152
-0.07804812
0.01117896
-0.00110991
-0.00641031
0.00706478
0.02423989
-0.04210509
0.07724880
0.01948152
0.00979096
0.01659909
0.00816478
0.01050426
-0.06436608
-0.06991294
0.03432595
0.01357532
-0.00369330
0.00177390
-0.01222825
-0.00741605
0.01978395
0.01050426
-0.04210509
-0.01222825
-0.00741605
-0.06991294
-0.00641031
-0.00110991
0.06875860
-0.06436608
0.01948152
0.07724880
0.01659909
0.00816478
0.00706478
-0.00369330
0.01978395
-0.07804812
0.00979096
0.01357532
0.02423989
0.03432595
0.00177390
-0.06436608
0.01357532
-0.07804812
0.02423989
-0.00641031
0.00706478
-0.00369330
0.07724880
-0.00741605
0.01948152
-0.00110991
0.03432595
0.01978395
-0.04210509
0.00979096
0.00816478
0.08692914
0.00177390
0.01659909
-0.01222825
0.01050426
-0.06991294
0.00706478
-0.00741605
-0.00369330
0.01978395
-0.00641031
0.00816478
-0.01940961
-0.04210509
0.01948152
0.01659909
-0.06436608
0.00979096
0.00177390
-0.00110991
-0.01222825
0.03432595
0.01357532
-0.06991294
-0.07804812
0.02623576
0.02423989
0.01050426
0.01978395
0.01948152
0.01050426
0.00612995
0.00979096
-0.00369330
-0.00110991
-0.04210509
-0.00641031
-0.07804812
0.03432595
0.02623576
0.00177390
0.02423989
-0.01222825
-0.06991294
0.00816478
-0.00741605
0.00706478
-0.06436608
0.01659909
0.01357532
0.01050426
0.01659909
0.00706478
0.00979096
0.01357532
-0.01222825
0.02423989
0.02623576
-0.06991294
0.00816478
-0.07804812
0.00177390
-0.00641031
-0.00369330
-0.04210509
0.01948152
-0.06436608
0.01793367
0.01978395
0.03432595
-0.00110991
-0.00741605
-0.04210509
0.02423989
0.01357532
0.00816478
0.01599160
0.01948152
0.01659909
0.00979096
-0.01686549
-0.06436608
-0.06991294
-0.07804812
-0.00741605
0.00706478
-0.00641031
0.00177390
-0.00110991
-0.00369330
-0.01222825
0.01978395
0.03432595
0.01050426
0.01659909
-0.06436608
-0.04210509
-0.00369330
0.03432595
-0.07804812
0.01948152
0.02423989
-0.00110991
-0.00741605
0.01978395
-0.00641031
0.01050426
-0.01686549
0.01357532
-0.06991294
-0.01600152
0.00177390
0.00706478
0.00816478
0.00979096
-0.01222825
0.01659909
0.00177390
-0.00110991
-0.00741605
0.00979096
0.03432595
0.01357532
0.01948152
0.00706478
-0.03365501
-0.01686549
-0.04210509
-0.06436608
-0.00369330
-0.07804812
0.01050426
0.02423989
-0.00641031
0.00816478
0.01978395
-0.01222825
-0.06991294
0.02423989
0.01659909
0.00979096
-0.01762495
-0.02300284
-0.07804812
-0.00110991
0.01050426
-0.00369330
0.00706478
0.03432595
0.00177390
-0.04210509
0.01978395
0.01357532
-0.06436608
0.00816478
-0.00741605
-0.06991294
0.01948152
-0.01222825
-0.00641031
-0.00741605
-0.00110991
-0.00641031
-0.01222825
0.01948152
0.00816478
-0.04210509
-0.00369330
0.01978395
0.01050426
0.00177390
-0.06991294
0.01357532
-0.07804812
0.03432595
-0.06436608
0.00706478
0.00979096
-0.02300284
0.01659909
-0.03843271
0.02423989
0.01948152
0.01050426
0.01659909
0.00979096
0.01357532
0.02423989
-0.00353717
0.00706478
0.03432595
-0.06991294
-0.00741605
0.01978395
-0.01222825
0.00816478
-0.00110991
-0.00369330
-0.07804812
0.00177390
-0.04210509
-0.00641031
-0.02300284
-0.06436608
0.01978395
0.00706478
-0.00369330
-0.07804812
0.01357532
-0.00641031
0.00177390
-0.06991294
-0.02300284
-0.04210509
-0.06436608
0.01050426
-0.00741605
0.01659909
-0.01222825
0.00816478
0.00979096
-0.00148533
0.02423989
-0.00110991
0.01948152
0.03432595
-0.00110991
-0.06436608
-0.00369330
0.01948152
0.02423989
0.00816478
-0.04210509
0.01050426
-0.02300284
0.03432595
-0.07804812
-0.00641031
0.00177390
-0.01222825
-0.06991294
-0.00034082
0.00979096
0.01357532
0.01978395
0.00706478
0.01659909
-0.00741605
0.00816478
-0.00741605
0.01050426
-0.04210509
0.00740971
-0.02300284
0.01659909
0.00706478
0.01357532
0.02423989
-0.00641031
-0.06436608
-0.07804812
0.01948152
-0.00110991
0.01978395
0.00979096
0.00177390
-0.00369330
-0.06991294
0.03432595
-0.01222825
-0.00110991
-0.06991294
-0.02300284
0.00706478
-0.06436608
-0.07804812
0.00816478
-0.00369330
0.03432595
-0.04210509
-0.00641031
0.01357532
-0.01222825
0.01659909
0.00177390
0.05139432
0.01050426
0.02423989
0.00979096
-0.00741605
0.01948152
0.01978395
-0.00641031
0.03476959
0.05330956
-0.06436608
0.01978395
0.00706478
0.01659909
0.02423989
-0.06991294
-0.00741605
0.03432595
0.00816478
0.01948152
-0.04210509
-0.01222825
-0.07804812
0.00177390
-0.00369330
0.01050426
0.01357532
-0.00110991
0.00979096
-0.07804812
-0.01222825
0.01948152
0.01357532
0.03432595
-0.04210509
-0.06436608
0.01659909
-0.00110991
-0.06991294
0.05330956
0.00177390
0.01978395
0.00816478
0.02423989
0.00706478
0.01050426
-0.00641031
-0.00369330
-0.00741605
0.00979096
-0.04384555
-0.06436608
-0.07804812
0.00979096
-0.06991294
-0.04210509
0.01357532
-0.00369330
-0.01222825
-0.00110991
0.01978395
0.02423989
0.01050426
0.06094121
0.00706478
0.01930558
0.00816478
-0.00641031
0.03432595
0.00177390
0.01948152
-0.00741605
0.01659909
0.01659909
0.01357532
0.00177390
-0.00369330
-0.06991294
-0.07804812
0.01050426
0.01930558
0.00816478
-0.06436608
-0.00110991
0.00979096
0.02423989
0.00706478
-0.00641031
0.03432595
0.01978395
0.01948152
-0.04210509
0.03906137
-0.00741605
-0.01222825
0.00979096
-0.01222825
0.00177390
0.01978395
0.01659909
0.00816478
-0.06436608
0.01948152
-0.00641031
0.02423989
-0.00369330
-0.06991294
0.03432595
0.01930558
0.04132304
-0.04210509
0.01050426
-0.07804812
-0.00110991
0.00706478
0.01357532
-0.00741605
-0.00641031
0.00979096
0.00177390
-0.06436608
-0.00741605
-0.04210509
0.01050426
-0.07804812
0.01978395
0.01659909
0.01357532
0.02423989
0.01948152
0.03574499
0.00816478
0.03432595
0.01930558
-0.00369330
-0.06991294
0.00706478
-0.01222825
-0.00110991
0.00816478
0.02423989
-0.06991294
0.01978395
-0.01222825
-0.04210509
0.00177390
-0.00741605
0.00979096
0.03432595
0.01930558
-0.00641031
0.01678243
0.00706478
-0.00369330
-0.06436608
0.01050426
-0.07804812
0.01948152
0.01659909
0.01357532
-0.00110991
0.01659909
-0.00641031
0.04431665
0.01978395
-0.00741605
0.01930558
0.00177390
-0.01222825
0.00816478
-0.07804812
0.01948152
0.03432595
-0.00369330
-0.00110991
-0.06436608
0.01357532
0.02423989
-0.06991294
0.00979096
0.01050426
0.00706478
-0.04210509
0.01050426
0.01948152
-0.06436608
0.02423989
-0.00110991
-0.01392196
0.00177390
-0.01222825
0.01659909
0.00979096
0.00706478
-0.06991294
-0.00641031
-0.00237646
-0.00369330
-0.04210509
0.00816478
0.01357532
-0.07804812
-0.00741605
0.03432595
0.01978395
0.00177390
-0.01222825
-0.06991294
-0.00641031
-0.07804812
0.01357532
0.02423989
-0.00110991
0.01050426
-0.00369330
0.01948152
0.01659909
0.00979096
0.00816478
-0.04210509
-0.00237646
0.02768237
0.01978395
0.00706478
-0.00741605
0.03432595
-0.06436608
-0.00237646
-0.04210509
0.01357532
-0.00741605
-0.00641031
-0.07804812
0.00706478
0.01948152
-0.01681365
0.01978395
0.01659909
0.03432595
-0.06436608
0.02423989
0.00816478
-0.06991294
0.00979096
-0.00369330
-0.01222825
-0.00110991
0.00177390
0.01050426
0.00706478
-0.04210509
-0.00641031
-0.00405859
0.01948152
0.00177390
0.01659909
-0.00741605
-0.00369330
0.01357532
0.03432595
0.01050426
0.00979096
-0.07804812
0.01978395
-0.06991294
0.00816478
0.02423989
-0.06436608
-0.00110991
-0.00237646
-0.01222825
0.00816478
-0.00110991
0.00706478
0.00979096
0.01948152
0.01357532
-0.07804812
0.03432595
-0.06991294
-0.01222825
0.01978395
-0.04210509
-0.00741605
-0.00641031
0.01050426
-0.00237646
-0.06436608
-0.00810460
0.01659909
-0.00369330
0.02423989
0.00177390
0.03432595
0.00706478
0.00177390
-0.00641031
0.00979096
0.01357532
-0.01222825
0.00816478
-0.00741605
0.02423989
-0.00237646
0.01978395
0.00569212
-0.07804812
0.01659909
0.01050426
0.01948152
-0.06436608
-0.04210509
-0.06991294
-0.00369330
-0.00110991
0.00177390
0.01659909
0.02423989
0.00706478
-0.04210509
-0.06991294
0.00816478
0.00979096
0.01978395
0.01948152
-0.00741605
-0.00641031
0.01357532
-0.00237646
-0.00110991
0.03432595
-0.00369330
-0.01222825
-0.06436608
0.00537396
0.01050426
-0.07804812
-0.01222825
0.01050426
0.02423989
-0.07804812
0.00278092
0.01978395
-0.00741605
-0.06991294
0.03432595
0.01357532
0.00979096
-0.00641031
-0.04210509
-0.00237646
-0.06436608
0.01659909
0.00706478
-0.00110991
0.00816478
0.01948152
-0.00369330
0.00177390
0.03346894
-0.04210509
0.00979096
-0.06436608
0.03432595
0.01357532
0.00816478
0.02423989
0.01659909
0.00706478
-0.00641031
0.01978395
-0.00237646
0.01948152
-0.00741605
0.01050426
0.00177390
-0.07804812
-0.00369330
-0.06991294
-0.00110991
-0.01222825
