0.00018339
-0.00215715
-0.00250471
0.00017203
-0.00303961
-0.00285950
0.00046069
0.00018383
0.00037923
-0.00011083
-0.00158081
-0.00215428
-0.00006722
0.00009509
-0.00089246
-0.00008393
-0.00155916
-0.00040821
0.00058948
-0.00133556
-0.00097856
-0.00037447
-0.00018456
-0.00021019
0.00086748
-0.00322642
0.00078706
-0.00042012
-0.00146570
-0.00037622
-0.00369593
-0.00029592
-0.00200804
-0.00103144
-0.00119854
-0.00048904
-0.00193757
-0.00098220
-0.00341291
-0.00071310
-0.00088373
-0.00316086
-0.00307265
-0.00211201
-0.00120638
0.00038438
-0.00333793
-0.00049997
-0.00173708
-0.00006569
0.00047412
0.00062996
-0.00326392
-0.00267111
0.00040296
-0.00254764
-0.00335605
-0.00050928
-0.00095982
0.00106889
-0.00003702
-0.00069318
-0.00099780
0.00086374
-0.00182788
-0.00193641
0.00021716
-0.00431381
0.00106407
-0.00112161
-0.00219060
-0.00124003
-0.00409302
-0.00066241
0.00017281
-0.00162062
-0.00413163
-0.00232129
-0.00337029
-0.00221236
0.00040294
-0.00146522
-0.00091754
-0.00141912
-0.00127678
-0.00223918
-0.00106547
-0.00119167
-0.00070586
0.00078033
-0.00156920
0.00010177
-0.00252898
0.00054311
-0.00454008
-0.00182589
0.00048737
-0.00032820
-0.00274099
-0.00105490
0.00033365
0.00014165
0.00023906
-0.00115898
-0.00083561
0.00103138
-0.00089821
-0.00098220
0.00141622
-0.00137361
-0.00122014
0.00097493
-0.00121399
-0.00050436
-0.00182588
-0.00090499
-0.00164539
0.00023906
0.00069090
0.00005772
0.00039301
0.00020052
-0.00396689
-0.00030134
-0.00135027
-0.00235239
-0.00026246
-0.00254818
-0.00164991
-0.00097804
-0.00273572
0.00068473
0.00125418
0.00027336
0.00059898
0.00045309
-0.00197413
-0.00007050
-0.00097856
-0.00003802
-0.00022233
-0.00063474
-0.00147774
-0.00317544
-0.00354913
-0.00124778
-0.00335371
-0.00250664
-0.00361573
-0.00124875
-0.00026765
-0.00052186
-0.00066229
0.00161621
-0.00221236
0.00006214
0.00000236
-0.00200508
0.00003510
-0.00492308
-0.00138299
-0.00262081
-0.00030225
-0.00230104
-0.00179800
0.00085829
0.00037347
-0.00115139
0.00061734
0.00067848
-0.00140283
0.00026864
-0.00314028
-0.00111451
-0.00176805
-0.00308253
0.00004437
-0.00171572
-0.00214037
-0.00235212
-0.00174512
-0.00271452
-0.00143052
0.00079178
-0.00288989
-0.00158118
0.00059024
-0.00275935
-0.00045478
-0.00165938
-0.00347923
0.00073646
0.00049078
-0.00320987
-0.00278525
0.00037923
-0.00061435
-0.00056732
-0.00243522
-0.00054459
-0.00177924
-0.00313257
0.00079770
-0.00015221
-0.00323199
-0.00021583
-0.00117363
0.00045505
-0.00437902
0.00086018
-0.00188954
-0.00151535
-0.00020657
-0.00024356
-0.00112655
0.00059527
-0.00098220
-0.00027989
0.00005073
-0.00237559
-0.00010433
-0.00082832
-0.00240641
0.00003975
0.00054674
0.00088397
0.00044166
-0.00394469
-0.00261269
0.00037341
-0.00167694
0.00043181
-0.00156836
-0.00124424
0.00083427
-0.00082505
-0.00446960
-0.00080006
-0.00103144
-0.00037661
-0.00453377
0.00040580
0.00045857
0.00035410
0.00096536
-0.00008034
0.00093011
-0.00294041
-0.00038450
-0.00385640
-0.00371512
-0.00011939
-0.00065459
-0.00131161
-0.00065243
-0.00195963
-0.00047045
-0.00085901
0.00043855
-0.00145183
0.00085912
-0.00139831
-0.00144982
-0.00118092
-0.00277948
-0.00299163
-0.00014157
-0.00057027
-0.00145351
-0.00382886
-0.00018593
-0.00012765
-0.00255012
-0.00396941
-0.00297496
0.00005492
-0.00166472
-0.00008314
-0.00365921
0.00052736
-0.00238898
-0.00090364
-0.00014679
-0.00107493
-0.00103389
-0.00009198
0.00013971
0.00006456
-0.00081713
-0.00028345
-0.00010806
-0.00112238
0.00077827
-0.00275935
0.00147891
-0.00028702
-0.00174512
0.00044116
0.00061251
-0.00347485
0.00047434
-0.00429361
-0.00050329
-0.00074790
-0.00057949
0.00058394
-0.00373206
0.00061946
-0.00003378
0.00101501
-0.00014841
0.00029144
-0.00155731
-0.00231009
-0.00212072
-0.00120549
-0.00074384
-0.00221744
-0.00011314
-0.00158351
0.00007541
-0.00016902
-0.00195262
-0.00337029
0.00105705
-0.00029628
0.00025705
-0.00407509
-0.00150945
0.00101836
0.00099254
-0.00263184
-0.00434331
0.00004656
-0.00231838
0.00053410
-0.00063974
-0.00109236
-0.00150672
0.00001004
0.00076588
-0.00035923
-0.00045088
-0.00046724
-0.00044653
0.00112406
0.00000529
0.00139605
-0.00208726
-0.00138734
-0.00261733
-0.00050819
-0.00189606
-0.00030194
0.00030391
0.00048486
-0.00080462
-0.00355162
0.00056774
-0.00345904
-0.00002771
0.00072059
-0.00037532
-0.00294815
0.00083552
-0.00224045
-0.00031950
0.00048162
-0.00275601
-0.00193765
0.00031006
0.00038698
0.00059218
-0.00016838
0.00010453
0.00064675
-0.00002198
-0.00045975
0.00088233
0.00127032
-0.00006238
-0.00448830
0.00004149
-0.00024082
-0.00237762
0.00074769
-0.00051609
-0.00021420
-0.00184283
0.00131515
0.00046126
0.00028280
0.00087422
-0.00133898
-0.00045406
-0.00275125
-0.00018738
-0.00198211
-0.00270697
0.00099297
-0.00260858
0.00123512
-0.00060396
0.00040273
-0.00122681
-0.00043422
-0.00061862
-0.00188121
0.00000929
0.00078105
-0.00214337
0.00087539
-0.00148184
-0.00180868
0.00085834
-0.00231713
-0.00215681
0.00111555
0.00083465
0.00103352
0.00054855
-0.00088105
-0.00145983
0.00060564
0.00072826
-0.00024039
0.00062914
-0.00081868
0.00029323
0.00126647
-0.00060449
-0.00029058
0.00030343
0.00052626
0.00045074
0.00153492
-0.00252014
0.00144412
0.00030040
-0.00074115
0.00029587
-0.00302154
0.00039667
-0.00135830
-0.00034196
-0.00044070
0.00019499
-0.00119167
-0.00029449
-0.00272299
0.00000952
-0.00015141
-0.00244235
-0.00241445
-0.00136149
-0.00051779
0.00107312
-0.00264217
0.00018839
-0.00110205
0.00061487
0.00109535
0.00130078
-0.00255067
-0.00197377
0.00107280
-0.00183424
-0.00262594
0.00017269
-0.00024037
0.00172995
0.00065393
-0.00000291
-0.00032242
0.00153064
-0.00113288
-0.00123084
0.00092431
-0.00363274
0.00172956
-0.00036045
-0.00146234
-0.00053432
-0.00342540
0.00003288
0.00080600
-0.00087821
-0.00346447
-0.00160291
-0.00267454
-0.00150379
0.00106750
-0.00073256
-0.00020193
-0.00076673
-0.00056830
-0.00151364
-0.00037624
-0.00056427
0.00004221
0.00142366
-0.00082738
0.00078239
-0.00183410
0.00123175
-0.00386351
-0.00107870
0.00119327
0.00039161
-0.00203825
-0.00029628
0.00102841
0.00083051
0.00093302
-0.00046054
-0.00011521
0.00169266
-0.00022876
-0.00029449
0.00210775
-0.00062331
-0.00055064
0.00162514
-0.00049457
0.00022296
-0.00112033
-0.00022585
-0.00096929
0.00093302
0.00137066
0.00076130
0.00104427
0.00088063
-0.00324388
0.00037687
-0.00064376
-0.00162748
0.00043014
-0.00183095
-0.00092954
-0.00022641
-0.00201671
0.00136515
0.00191723
0.00095168
0.00126297
0.00110793
-0.00129430
0.00062762
-0.00029058
0.00065237
0.00051590
0.00002321
-0.00083158
-0.00244712
-0.00282742
-0.00052892
-0.00262178
-0.00178828
-0.00292059
-0.00051518
0.00041616
0.00019603
0.00004936
0.00230337
-0.00150379
0.00075397
0.00067200
-0.00127847
0.00072395
-0.00423891
-0.00064204
-0.00191127
0.00043991
-0.00161273
-0.00110075
0.00155158
0.00103164
-0.00046240
0.00130178
0.00135836
-0.00065660
0.00090344
-0.00241316
-0.00043656
-0.00103288
-0.00237792
0.00071286
-0.00097530
-0.00141579
-0.00162615
-0.00099523
-0.00203892
-0.00074845
0.00145499
-0.00218253
-0.00085269
0.00127749
-0.00205944
0.00026407
-0.00099968
-0.00277258
0.00141413
0.00117279
-0.00247959
-0.00210320
0.00103352
0.00011087
0.00013319
-0.00171551
0.00017003
-0.00104050
-0.00243600
0.00144953
0.00052892
-0.00254429
0.00048829
-0.00046584
0.00116448
-0.00369867
0.00155958
-0.00118528
-0.00081377
0.00047170
0.00043048
-0.00042875
0.00124573
-0.00029449
0.00042804
0.00075225
-0.00165305
0.00059593
-0.00015012
-0.00168668
0.00074100
0.00120127
0.00155919
0.00109353
-0.00325834
-0.00194994
0.00102913
-0.00096828
0.00105681
-0.00082537
-0.00050320
0.00150107
-0.00013391
-0.00380358
-0.00007272
-0.00034196
0.00031223
-0.00385498
0.00107907
0.00113965
0.00101463
0.00161743
0.00060450
0.00161096
-0.00222649
0.00028816
-0.00318534
-0.00303729
0.00056282
0.00004833
-0.00064378
0.00003204
-0.00125712
0.00020294
-0.00013579
0.00114404
-0.00072915
0.00153614
-0.00071672
-0.00074761
-0.00051259
-0.00209779
-0.00232647
0.00056622
0.00006836
-0.00074777
-0.00314116
0.00049581
0.00051750
-0.00184469
-0.00323087
-0.00225414
0.00071012
-0.00095862
0.00060505
-0.00299220
0.00123608
-0.00166880
-0.00018834
0.00053809
-0.00036766
-0.00029209
0.00057868
0.00082460
0.00073750
-0.00014306
0.00042352
0.00058868
-0.00040792
0.00143833
-0.00205944
0.00212069
0.00035680
-0.00099523
0.00114375
0.00127389
-0.00275649
0.00116178
-0.00362068
0.00017801
0.00000632
0.00011180
0.00126413
-0.00297571
0.00130621
0.00068571
0.00168935
0.00048396
0.00092516
-0.00084237
-0.00160900
-0.00138943
-0.00049903
-0.00003477
-0.00152808
0.00059454
-0.00089078
0.00070556
0.00052814
-0.00124999
-0.00267454
0.00171482
0.00038138
0.00093129
-0.00340788
-0.00076640
0.00168501
0.00167684
-0.00193140
-0.00366338
0.00070872
-0.00160365
0.00122963
0.00006241
-0.00034750
-0.00087215
0.00068570
0.00142843
0.00033243
0.00026882
0.00023039
0.00026425
0.00181195
0.00068653
0.00207268
-0.00139158
-0.00064650
-0.00192216
0.00019350
-0.00115726
0.00037707
0.00100239
0.00113423
-0.00008926
-0.00288321
0.00126938
-0.00274398
0.00063628
0.00140824
0.00026251
-0.00220885
0.00148701
-0.00151390
0.00038099
0.00111764
-0.00204364
-0.00125895
0.00099407
0.00108564
0.00129027
0.00053770
0.00077874
0.00130581
0.00066253
0.00019266
0.00156894
0.00194552
0.00059901
-0.00381332
0.00074042
0.00046616
-0.00168135
0.00136754
0.00017900
0.00049485
-0.00115367
0.00199976
0.00112580
0.00097175
0.00157109
-0.00060073
0.00022944
-0.00201921
0.00049384
-0.00123665
-0.00198959
0.00163826
-0.00189971
0.00188944
0.00007820
0.00107816
-0.00048727
0.00025781
0.00006511
-0.00114307
0.00069426
0.00146164
-0.00140280
0.00121482
-0.00099307
-0.00132866
0.00132628
-0.00182187
-0.00167192
0.00158429
0.00131762
0.00151274
0.00104446
-0.00043825
-0.00099020
0.00106631
0.00122749
0.00023091
0.00097987
-0.00043687
0.00063722
0.00162097
-0.00019363
0.00019418
0.00073453
0.00092198
0.00090522
0.00197726
-0.00199433
0.00191663
0.00070879
-0.00028919
0.00073311
-0.00248239
0.00084323
-0.00086105
0.00015210
-0.00011316
0.00066357
-0.00074384
0.00019784
-0.00223152
0.00040011
0.00019669
-0.00199023
-0.00191482
-0.00098425
-0.00008258
0.00147622
-0.00215611
0.00063509
-0.00056754
0.00103776
0.00155353
0.00173345
-0.00207237
-0.00147531
0.00151046
-0.00138080
-0.00216422
0.00057071
0.00019716
0.00220837
0.00109155
0.00042109
0.00012070
0.00199088
-0.00065332
-0.00078889
0.00131547
-0.00311614
0.00219112
-0.00003229
-0.00101060
-0.00011672
-0.00289698
0.00041268
0.00129350
-0.00051145
-0.00292548
-0.00115592
-0.00218968
-0.00102521
0.00152140
-0.00032357
0.00019921
-0.00024757
-0.00011936
-0.00105503
0.00011199
-0.00003477
0.00038109
0.00190559
-0.00045425
0.00121632
-0.00136330
0.00159991
-0.00333898
-0.00066164
0.00151152
0.00080711
-0.00157803
0.00003880
0.00143455
0.00116563
0.00131268
0.00002060
0.00032165
0.00216406
0.00022890
0.00019784
0.00244822
-0.00027917
-0.00007053
0.00211527
-0.00007201
0.00059667
-0.00063393
0.00019864
-0.00052539
0.00131268
0.00174966
0.00116045
0.00152434
0.00126205
-0.00277936
0.00083081
-0.00018607
-0.00115552
0.00086306
-0.00137595
-0.00051202
0.00011560
-0.00156054
0.00177600
0.00239411
0.00135399
0.00174815
0.00157613
-0.00079957
0.00098317
0.00019418
0.00101721
0.00088486
0.00049618
-0.00033164
-0.00200475
-0.00234692
-0.00007633
-0.00217161
-0.00133485
-0.00242562
-0.00013004
0.00088296
0.00061421
0.00043374
0.00263567
-0.00102521
0.00118624
0.00110362
-0.00080309
0.00107389
-0.00369716
-0.00023099
-0.00141786
0.00078505
-0.00113333
-0.00064294
0.00195164
0.00151450
-0.00006949
0.00167269
0.00176833
-0.00029023
0.00135306
-0.00193356
0.00004287
-0.00059900
-0.00189833
0.00117458
-0.00054794
-0.00093948
-0.00122033
-0.00057542
-0.00152718
-0.00029141
0.00193084
-0.00172886
-0.00040981
0.00170167
-0.00156406
0.00062374
-0.00053279
-0.00228604
0.00185844
0.00159766
-0.00202319
-0.00159943
0.00151274
0.00054858
0.00050688
-0.00125529
0.00059743
-0.00065124
-0.00196066
0.00192714
0.00091403
-0.00207248
0.00082949
-0.00007474
0.00153957
-0.00317309
0.00191879
-0.00067484
-0.00033688
0.00087157
0.00087497
-0.00004661
0.00173269
0.00019784
0.00078417
0.00116332
-0.00118746
0.00101048
0.00033970
-0.00121603
0.00114171
0.00167588
0.00197966
0.00156313
-0.00276066
-0.00142585
0.00149982
-0.00052127
0.00151209
-0.00045511
-0.00011736
0.00194812
0.00026666
-0.00325716
0.00031308
0.00015210
0.00071053
-0.00334810
0.00154071
0.00159515
0.00147821
0.00206183
0.00098005
0.00199639
-0.00176635
0.00070740
-0.00268198
-0.00250074
0.00103023
0.00043098
-0.00016405
0.00051522
-0.00079202
0.00062370
0.00024987
0.00151660
-0.00028591
0.00195176
-0.00022530
-0.00029293
-0.00003474
-0.00157474
-0.00181455
0.00091939
0.00057337
-0.00036097
-0.00261005
0.00093884
0.00099657
-0.00135336
-0.00277693
-0.00178748
0.00120900
-0.00052439
0.00106403
-0.00249909
0.00163064
-0.00122933
0.00018120
0.00095846
0.00003808
0.00006519
0.00102689
0.00120269
0.00118713
0.00032515
0.00078397
0.00095781
0.00000371
0.00190136
-0.00156406
0.00261156
0.00085718
-0.00057542
0.00155133
0.00173904
-0.00229217
0.00155037
-0.00306971
0.00058913
0.00033553
0.00052688
0.00166607
-0.00254474
0.00174957
0.00099797
0.00207323
0.00094291
0.00141429
-0.00037187
-0.00113227
-0.00092444
-0.00003659
0.00028814
-0.00105064
0.00097877
-0.00044818
0.00116168
0.00090042
-0.00076462
-0.00218968
0.00216561
0.00081376
0.00134975
-0.00288595
-0.00038036
0.00215362
0.00208675
-0.00143943
-0.00316969
0.00119294
-0.00114762
0.00161756
0.00045111
0.00001464
-0.00037181
0.00109609
0.00189925
0.00068402
0.00068154
0.00060892
0.00067931
0.00218848
0.00116330
0.00244033
-0.00091926
-0.00025977
-0.00144738
0.00056082
-0.00072687
0.00082602
0.00139640
0.00159110
0.00027966
-0.00234690
0.00162899
-0.00226897
0.00109573
0.00179436
0.00075636
-0.00178853
0.00193127
-0.00106056
0.00079878
0.00161173
-0.00159825
-0.00077686
0.00141075
0.00143503
0.00165400
0.00086531
0.00113391
0.00176516
0.00101607
0.00065376
0.00198347
0.00234008
0.00107837
-0.00328724
0.00110089
0.00086533
-0.00125301
0.00185192
0.00055494
0.00085358
-0.00065740
0.00240514
0.00159201
0.00133610
0.00197015
-0.00021719
0.00069697
-0.00153641
0.00090829
-0.00080115
-0.00150122
0.00211755
-0.00144418
0.00236874
0.00056396
0.00152337
-0.00010777
0.00063649
0.00049286
-0.00069562
0.00109311
0.00187220
-0.00095677
0.00080722
-0.00140480
-0.00179739
0.00083068
-0.00227241
-0.00211644
0.00112356
0.00087361
0.00103577
0.00058845
-0.00089336
-0.00142979
0.00063009
0.00081624
-0.00016374
0.00054865
-0.00093671
0.00024117
0.00121538
-0.00064502
-0.00033266
0.00028592
0.00046374
0.00044463
0.00153157
-0.00246932
0.00146444
0.00024015
-0.00076347
0.00029692
-0.00293291
0.00035197
-0.00127844
-0.00037551
-0.00062826
0.00019149
-0.00119854
-0.00033022
-0.00268958
-0.00002568
-0.00025326
-0.00242738
-0.00230582
-0.00147678
-0.00054632
0.00104579
-0.00263023
0.00019618
-0.00096278
0.00058999
0.00115514
0.00129206
-0.00251285
-0.00190810
0.00107035
-0.00179794
-0.00263044
0.00014547
-0.00022152
0.00177297
0.00063310
-0.00002688
-0.00034316
0.00151467
-0.00110248
-0.00126050
0.00087605
-0.00353350
0.00173654
-0.00053939
-0.00147746
-0.00055521
-0.00331935
0.00000640
0.00089046
-0.00101679
-0.00336267
-0.00161976
-0.00266101
-0.00149343
0.00108714
-0.00076875
-0.00023101
-0.00066453
-0.00055708
-0.00152571
-0.00039481
-0.00044070
-0.00012447
0.00145304
-0.00094857
0.00077082
-0.00177695
0.00116736
-0.00377967
-0.00111209
0.00109921
0.00030518
-0.00202513
-0.00047468
0.00099117
0.00077380
0.00090726
-0.00042791
-0.00018095
0.00173048
-0.00020865
-0.00033022
0.00202887
-0.00079242
-0.00052104
0.00167990
-0.00053675
0.00011139
-0.00109513
-0.00025933
-0.00098901
0.00090726
0.00131415
0.00071204
0.00106790
0.00082361
-0.00323181
0.00041332
-0.00062258
-0.00161694
0.00037828
-0.00185531
-0.00096692
-0.00040363
-0.00202103
0.00132784
0.00193988
0.00092362
0.00130489
0.00111685
-0.00121538
0.00056083
-0.00033266
0.00057691
0.00036687
0.00006732
-0.00076105
-0.00244892
-0.00281932
-0.00054514
-0.00264372
-0.00181499
-0.00288196
-0.00063351
0.00041851
0.00015496
-0.00001963
0.00222954
-0.00149343
0.00073748
0.00064875
-0.00127823
0.00067601
-0.00414594
-0.00071482
-0.00185246
0.00028946
-0.00158628
-0.00107618
0.00151351
0.00106858
-0.00048444
0.00126253
0.00134621
-0.00079891
0.00094996
-0.00237967
-0.00038064
-0.00107629
-0.00235737
0.00071076
-0.00101553
-0.00140728
-0.00166506
-0.00105311
-0.00194948
-0.00076722
0.00148911
-0.00215042
-0.00086919
0.00123260
-0.00204366
0.00018249
-0.00099443
-0.00268399
0.00140107
0.00115857
-0.00248845
-0.00206091
0.00103577
0.00009694
0.00005269
-0.00172240
0.00009279
-0.00114926
-0.00242829
0.00148530
0.00049926
-0.00248807
0.00041503
-0.00056800
0.00109517
-0.00359310
0.00148957
-0.00119838
-0.00082000
0.00045350
0.00041648
-0.00045969
0.00128570
-0.00033022
0.00034613
0.00070683
-0.00166127
0.00057400
-0.00017525
-0.00164901
0.00070626
0.00122317
0.00154483
0.00111430
-0.00318871
-0.00184221
0.00104127
-0.00096097
0.00110955
-0.00096265
-0.00062145
0.00149960
-0.00014554
-0.00369742
-0.00019088
-0.00037551
0.00027365
-0.00374404
0.00106828
0.00111263
0.00101450
0.00163166
0.00055146
0.00156326
-0.00220667
0.00024609
-0.00308475
-0.00295182
0.00053636
-0.00000553
-0.00060839
0.00005714
-0.00125947
0.00016533
-0.00018579
0.00107513
-0.00070246
0.00151916
-0.00070080
-0.00072001
-0.00048402
-0.00203570
-0.00226141
0.00049843
0.00016133
-0.00077506
-0.00309598
0.00049106
0.00056063
-0.00178753
-0.00323798
-0.00226866
0.00077104
-0.00095949
0.00059768
-0.00291869
0.00117518
-0.00168641
-0.00025095
0.00050403
-0.00044148
-0.00043408
0.00056030
0.00077020
0.00076050
-0.00008997
0.00035063
0.00052873
-0.00042430
0.00146499
-0.00204366
0.00217614
0.00042493
-0.00105311
0.00109320
0.00130969
-0.00272532
0.00112881
-0.00352066
0.00016942
-0.00017182
0.00006845
0.00124525
-0.00301434
0.00129510
0.00058090
0.00164618
0.00053865
0.00098984
-0.00082910
-0.00156894
-0.00140233
-0.00055228
-0.00011316
-0.00147874
0.00054579
-0.00088973
0.00075164
0.00046357
-0.00119443
-0.00266101
0.00173290
0.00039300
0.00089045
-0.00332665
-0.00088701
0.00172293
0.00164123
-0.00188248
-0.00356979
0.00073821
-0.00161177
0.00117758
0.00000489
-0.00048646
-0.00075444
0.00067155
0.00146044
0.00027218
0.00021536
0.00017217
0.00023192
0.00176232
0.00065120
0.00202162
-0.00137570
-0.00077095
-0.00186882
0.00012417
-0.00117970
0.00039154
0.00095834
0.00116151
-0.00016797
-0.00279995
0.00119730
-0.00272045
0.00065392
0.00136003
0.00033758
-0.00226529
0.00149345
-0.00147694
0.00033966
0.00116778
-0.00204405
-0.00119073
0.00097077
0.00099155
0.00123197
0.00045840
0.00073640
0.00133291
0.00062037
0.00023673
0.00154938
0.00190739
0.00065872
-0.00373175
0.00067346
0.00040419
-0.00165510
0.00142587
0.00014560
0.00041485
-0.00109065
0.00196984
0.00114858
0.00090983
0.00151733
-0.00065170
0.00020106
-0.00199676
0.00044445
-0.00127569
-0.00194400
0.00166821
-0.00189060
0.00191488
0.00005467
0.00107843
-0.00055979
0.00022504
0.00002083
-0.00117550
0.00067158
0.00144387
-0.00142721
0.00310561
0.00081612
0.00043562
0.00309731
-0.00005358
0.00012247
0.00334745
0.00308183
0.00327677
0.00280465
0.00136070
0.00080185
0.00284545
0.00299675
0.00203944
0.00285576
0.00141993
0.00253109
0.00349690
0.00160078
0.00195558
0.00256703
0.00272899
0.00268863
0.00376072
-0.00026243
0.00365782
0.00253595
0.00145657
0.00254032
-0.00072407
0.00264621
0.00094106
0.00190249
0.00177297
0.00243409
0.00106889
0.00195157
-0.00045818
0.00225639
0.00207491
-0.00018932
-0.00010705
0.00088204
0.00171550
0.00331147
-0.00037930
0.00244211
0.00119594
0.00286020
0.00337570
0.00353707
-0.00028029
0.00030214
0.00329990
0.00043889
-0.00039188
0.00240780
0.00203180
0.00395442
0.00289121
0.00225436
0.00193195
0.00374292
0.00113313
0.00101641
0.00314222
-0.00130830
0.00394357
0.00184942
0.00075711
0.00168044
-0.00110673
0.00226975
0.00307539
0.00135267
-0.00115501
0.00063068
-0.00041003
0.00073932
0.00330998
0.00148899
0.00202318
0.00151027
0.00168390
0.00075721
0.00186547
0.00172995
0.00225309
0.00366683
0.00139860
0.00301014
0.00043093
0.00345459
-0.00156382
0.00118263
0.00340768
0.00262561
0.00021417
0.00191066
0.00326110
0.00309480
0.00315901
0.00179128
0.00211972
0.00391217
0.00201730
0.00195157
0.00431299
0.00159627
0.00169565
0.00384983
0.00173270
0.00244337
0.00114268
0.00202026
0.00127920
0.00315901
0.00358806
0.00298964
0.00329108
0.00311664
-0.00097555
0.00263229
0.00161044
0.00063173
0.00267058
0.00041431
0.00127753
0.00198500
0.00024264
0.00358359
0.00413480
0.00319471
0.00347686
0.00334947
0.00098368
0.00286384
0.00195558
0.00288857
0.00272250
0.00227542
0.00144853
-0.00020122
-0.00056600
0.00173096
-0.00037235
0.00045634
-0.00064829
0.00171104
0.00264055
0.00239943
0.00227393
0.00451703
0.00073932
0.00299956
0.00289659
0.00099393
0.00296160
-0.00192327
0.00154979
0.00035599
0.00265271
0.00062854
0.00116436
0.00377782
0.00325825
0.00178192
0.00354336
0.00358578
0.00156658
0.00317450
-0.00011491
0.00181892
0.00116097
-0.00011919
0.00294580
0.00122609
0.00086393
0.00062928
0.00120002
0.00026241
0.00149036
0.00367657
0.00008368
0.00139098
0.00350380
0.00019605
0.00248559
0.00126065
-0.00047178
0.00363492
0.00339486
-0.00025450
0.00016477
0.00327677
0.00235155
0.00235704
0.00052527
0.00240020
0.00118930
-0.00017701
0.00366778
0.00278387
-0.00027442
0.00272721
0.00177482
0.00339344
-0.00139868
0.00376824
0.00105415
0.00142147
0.00271076
0.00265962
0.00182845
0.00349608
0.00195157
0.00265746
0.00298287
0.00059679
0.00283768
0.00208727
0.00057241
0.00296353
0.00344431
0.00379246
0.00333807
-0.00095816
0.00035129
0.00327097
0.00129264
0.00333529
0.00140614
0.00172043
0.00372924
0.00213469
-0.00148716
0.00215169
0.00190249
0.00256102
-0.00152699
0.00330211
0.00336903
0.00326064
0.00383292
0.00284809
0.00382935
0.00005275
0.00252317
-0.00086526
-0.00073273
0.00280086
0.00228895
0.00160425
0.00225433
0.00098108
0.00243639
0.00207000
0.00336828
0.00153189
0.00377064
0.00153575
0.00151532
0.00173511
0.00016120
-0.00004197
0.00279994
0.00236271
0.00150432
-0.00087293
0.00272937
0.00278972
0.00043676
-0.00099410
-0.00001767
0.00294196
0.00127066
0.00284211
-0.00068406
0.00344560
0.00058345
0.00204547
0.00280050
0.00186192
0.00192028
0.00280764
0.00306630
0.00298067
0.00211343
0.00264622
0.00282748
0.00182707
0.00365303
0.00019605
0.00433886
0.00262097
0.00120002
0.00336582
0.00350357
-0.00047298
0.00339320
-0.00132158
0.00243682
0.00221103
0.00234956
0.00348609
-0.00074702
0.00353280
0.00290975
0.00390851
0.00276020
0.00318666
0.00142607
0.00066286
0.00087336
0.00174143
0.00220837
0.00072662
0.00282015
0.00136699
0.00297343
0.00277482
0.00102098
-0.00041003
0.00394538
0.00263768
0.00315359
-0.00110484
0.00146269
0.00391703
0.00390382
0.00033277
-0.00135038
0.00293598
0.00064974
0.00346411
0.00229944
0.00186562
0.00142935
0.00291558
0.00363914
0.00256843
0.00249687
0.00246399
0.00245186
0.00403782
0.00291989
0.00428936
0.00086131
0.00157908
0.00036333
0.00243106
0.00104510
0.00262233
0.00324320
0.00337521
0.00214745
-0.00059246
0.00348433
-0.00049342
0.00289149
0.00363654
0.00253380
0.00001339
0.00370886
0.00077027
0.00262050
0.00337398
0.00018812
0.00103812
0.00323392
0.00330546
0.00351834
0.00277079
0.00301961
0.00354489
0.00291602
0.00245871
0.00379234
0.00415871
0.00283945
-0.00151131
0.00298655
0.00268906
0.00059628
0.00362593
0.00241332
0.00272256
0.00110686
0.00422352
0.00336293
0.00321105
0.00379003
0.00165119
0.00247097
0.00027312
0.00272525
0.00096360
0.00028090
0.00386995
0.00037201
0.00410201
0.00232672
0.00331310
0.00173604
0.00250405
0.00231411
0.00105645
0.00293496
0.00368875
0.00080079
-0.00196077
-0.00442070
-0.00472008
-0.00196347
-0.00524760
-0.00507444
-0.00169700
-0.00199574
-0.00181456
-0.00230512
-0.00377373
-0.00435487
-0.00227513
-0.00211943
-0.00311753
-0.00222304
-0.00371227
-0.00255890
-0.00155222
-0.00347342
-0.00315864
-0.00255439
-0.00230416
-0.00237597
-0.00130025
-0.00544645
-0.00137671
-0.00256951
-0.00360576
-0.00257500
-0.00597768
-0.00243359
-0.00426278
-0.00321990
-0.00331935
-0.00268569
-0.00409302
-0.00316909
-0.00566453
-0.00286566
-0.00299801
-0.00535480
-0.00535298
-0.00426650
-0.00335977
-0.00177675
-0.00558820
-0.00268058
-0.00398759
-0.00222739
-0.00171937
-0.00153436
-0.00548636
-0.00489674
-0.00176918
-0.00475063
-0.00554532
-0.00266558
-0.00314520
-0.00110673
-0.00220781
-0.00287957
-0.00316660
-0.00129463
-0.00404953
-0.00410907
-0.00193561
-0.00661643
-0.00109892
-0.00323581
-0.00435723
-0.00339418
-0.00640300
-0.00282495
-0.00202087
-0.00376498
-0.00642320
-0.00448054
-0.00562183
-0.00443213
-0.00176794
-0.00362606
-0.00306383
-0.00363859
-0.00344501
-0.00439922
-0.00323633
-0.00342540
-0.00282524
-0.00139046
-0.00372632
-0.00205471
-0.00476395
-0.00158089
-0.00682533
-0.00400018
-0.00163104
-0.00245610
-0.00493205
-0.00316929
-0.00182686
-0.00202965
-0.00191767
-0.00333714
-0.00296936
-0.00114252
-0.00309138
-0.00316909
-0.00070962
-0.00349978
-0.00345261
-0.00120257
-0.00337455
-0.00264618
-0.00401897
-0.00307088
-0.00382746
-0.00191767
-0.00146338
-0.00209425
-0.00178005
-0.00194427
-0.00619510
-0.00250458
-0.00352365
-0.00453050
-0.00240455
-0.00473946
-0.00379846
-0.00310302
-0.00493028
-0.00146396
-0.00091544
-0.00188326
-0.00157125
-0.00172079
-0.00419673
-0.00222232
-0.00315864
-0.00217685
-0.00233449
-0.00282354
-0.00370505
-0.00537122
-0.00576860
-0.00340174
-0.00555733
-0.00469668
-0.00587377
-0.00339102
-0.00241937
-0.00265775
-0.00278822
-0.00051548
-0.00443213
-0.00211295
-0.00216896
-0.00417446
-0.00211534
-0.00723210
-0.00350206
-0.00482632
-0.00241467
-0.00449748
-0.00399598
-0.00130035
-0.00180660
-0.00331935
-0.00155531
-0.00147745
-0.00354457
-0.00192525
-0.00534593
-0.00330695
-0.00390204
-0.00531194
-0.00213949
-0.00385376
-0.00431998
-0.00453620
-0.00386999
-0.00499311
-0.00363253
-0.00138007
-0.00512102
-0.00374263
-0.00156386
-0.00497285
-0.00258360
-0.00388254
-0.00573455
-0.00142839
-0.00167532
-0.00538928
-0.00503798
-0.00181456
-0.00278139
-0.00269957
-0.00461954
-0.00266668
-0.00392669
-0.00536877
-0.00137473
-0.00231691
-0.00546107
-0.00235862
-0.00333938
-0.00169176
-0.00667146
-0.00126467
-0.00408573
-0.00368318
-0.00237188
-0.00242245
-0.00330713
-0.00159917
-0.00316909
-0.00241588
-0.00210146
-0.00455333
-0.00227899
-0.00300586
-0.00460878
-0.00210745
-0.00161931
-0.00126596
-0.00173217
-0.00621847
-0.00486841
-0.00179790
-0.00385555
-0.00175864
-0.00370270
-0.00338200
-0.00131689
-0.00303069
-0.00677472
-0.00294467
-0.00321990
-0.00252967
-0.00684190
-0.00176104
-0.00170562
-0.00181441
-0.00119644
-0.00222255
-0.00122955
-0.00518042
-0.00253088
-0.00615855
-0.00598916
-0.00229154
-0.00281157
-0.00354152
-0.00282228
-0.00416708
-0.00261744
-0.00299345
-0.00170457
-0.00364584
-0.00129855
-0.00359184
-0.00363181
-0.00341640
-0.00499815
-0.00524151
-0.00228818
-0.00279212
-0.00362672
-0.00607454
-0.00236564
-0.00231396
-0.00476814
-0.00617010
-0.00516851
-0.00213540
-0.00382614
-0.00227825
-0.00593957
-0.00160953
-0.00457016
-0.00305685
-0.00230871
-0.00321125
-0.00316739
-0.00227019
-0.00200179
-0.00213884
-0.00303914
-0.00242031
-0.00225093
-0.00330041
-0.00139533
-0.00497285
-0.00069657
-0.00248030
-0.00386999
-0.00170615
-0.00156548
-0.00571352
-0.00169459
-0.00658694
-0.00267660
-0.00285255
-0.00273024
-0.00157250
-0.00589821
-0.00155252
-0.00215065
-0.00113415
-0.00234156
-0.00189964
-0.00372400
-0.00452897
-0.00428208
-0.00336699
-0.00289698
-0.00443905
-0.00227273
-0.00378050
-0.00211042
-0.00231475
-0.00416663
-0.00562183
-0.00110657
-0.00248729
-0.00187690
-0.00636256
-0.00365809
-0.00115860
-0.00115169
-0.00484612
-0.00663876
-0.00212842
-0.00451729
-0.00162336
-0.00278684
-0.00323564
-0.00375834
-0.00215255
-0.00140227
-0.00250261
-0.00260618
-0.00260711
-0.00258670
-0.00102644
-0.00217109
-0.00074475
-0.00430711
-0.00352536
-0.00485523
-0.00264590
-0.00404842
-0.00250688
-0.00186680
-0.00171456
-0.00294792
-0.00582469
-0.00156285
-0.00566434
-0.00220160
-0.00144060
-0.00258025
-0.00511118
-0.00131878
-0.00446133
-0.00247982
-0.00170689
-0.00494337
-0.00419359
-0.00186750
-0.00173113
-0.00154239
-0.00230863
-0.00205845
-0.00153296
-0.00219026
-0.00265224
-0.00127738
-0.00088246
-0.00227329
-0.00678436
-0.00209906
-0.00237909
-0.00459122
-0.00143741
-0.00267421
-0.00235080
-0.00404274
-0.00084293
-0.00173907
-0.00185136
-0.00127220
-0.00350189
-0.00263057
-0.00494122
-0.00233240
-0.00411683
-0.00492298
-0.00117984
-0.00482845
-0.00093078
-0.00279386
-0.00175250
-0.00336446
-0.00259408
-0.00276918
-0.00401913
-0.00214537
-0.00138530
-0.00428912
0.00182121
-0.00040792
-0.00075549
0.00186632
-0.00123242
-0.00108709
0.00212704
0.00185853
0.00203555
0.00158606
0.00013758
-0.00041225
0.00163456
0.00179907
0.00080906
0.00157770
0.00012905
0.00124902
0.00221324
0.00039063
0.00069912
0.00127189
0.00147959
0.00145321
0.00254376
-0.00142949
0.00248767
0.00129094
0.00027353
0.00132845
-0.00191778
0.00139100
-0.00028937
0.00065393
0.00046357
0.00122140
-0.00016902
0.00069776
-0.00165074
0.00098912
0.00073850
-0.00139572
-0.00132463
-0.00039857
0.00047848
0.00206975
-0.00158028
0.00120931
0.00000337
0.00160099
0.00211236
0.00228675
-0.00148643
-0.00089329
0.00208726
-0.00078646
-0.00159386
0.00115803
0.00078692
0.00277482
0.00166372
0.00099005
0.00068247
0.00255050
-0.00007227
-0.00022367
0.00191210
-0.00253060
0.00275366
0.00054567
-0.00044513
0.00045829
-0.00231475
0.00101141
0.00184918
0.00005959
-0.00235350
-0.00058208
-0.00161237
-0.00046900
0.00208556
0.00026157
0.00079347
0.00032406
0.00046020
-0.00047574
0.00063000
0.00052814
0.00096644
0.00244481
0.00013996
0.00178824
-0.00078033
0.00212671
-0.00275934
-0.00008998
0.00210997
0.00135797
-0.00101169
0.00060865
0.00202297
0.00177414
0.00190444
0.00060224
0.00086860
0.00272216
0.00080145
0.00069776
0.00302684
0.00029860
0.00050317
0.00267417
0.00049943
0.00117371
-0.00007112
0.00076405
0.00003726
0.00190444
0.00234592
0.00175075
0.00206712
0.00183310
-0.00219270
0.00141887
0.00039802
-0.00058073
0.00140865
-0.00079919
0.00007150
0.00069410
-0.00096650
0.00236327
0.00295398
0.00188723
0.00231437
0.00212191
-0.00022355
0.00158826
0.00069912
0.00159643
0.00145929
0.00106335
0.00023673
-0.00142069
-0.00177371
0.00049064
-0.00159931
-0.00075829
-0.00184636
0.00044135
0.00143542
0.00118496
0.00096190
0.00321935
-0.00046900
0.00177220
0.00168894
-0.00023542
0.00167433
-0.00312362
0.00033793
-0.00082407
0.00137041
-0.00057506
-0.00006049
0.00254165
0.00208838
0.00052195
0.00227868
0.00234882
0.00027761
0.00191517
-0.00134424
0.00062060
-0.00003085
-0.00130944
0.00171303
0.00002832
-0.00036405
-0.00064144
-0.00000265
-0.00094954
0.00027826
0.00249644
-0.00113020
0.00014736
0.00225868
-0.00099285
0.00121391
0.00002243
-0.00169073
0.00242288
0.00217765
-0.00144509
-0.00102659
0.00203555
0.00112051
0.00107940
-0.00068070
0.00114653
-0.00007499
-0.00138232
0.00249031
0.00145584
-0.00149154
0.00143036
0.00047807
0.00214257
-0.00258585
0.00249698
-0.00015015
0.00022549
0.00146274
0.00146112
0.00054378
0.00227804
0.00069776
0.00137095
0.00174592
-0.00061628
0.00160095
0.00084557
-0.00062466
0.00172963
0.00221806
0.00253644
0.00211064
-0.00217786
-0.00085271
0.00204805
0.00003950
0.00206872
0.00011478
0.00046260
0.00250063
0.00086390
-0.00268317
0.00088504
0.00065393
0.00124444
-0.00274980
0.00210419
0.00213639
0.00201538
0.00264345
0.00150370
0.00258348
-0.00117711
0.00127524
-0.00209018
-0.00193503
0.00155735
0.00101077
0.00040795
0.00107913
-0.00022432
0.00119339
0.00083862
0.00209692
0.00029417
0.00254073
0.00031824
0.00029572
0.00053846
-0.00100838
-0.00125103
0.00151386
0.00112767
0.00023557
-0.00204997
0.00151809
0.00154437
-0.00077210
-0.00219891
-0.00122400
0.00177571
0.00005806
0.00163414
-0.00190987
0.00221731
-0.00063999
0.00077612
0.00150155
0.00060840
0.00064612
0.00160816
0.00172707
0.00176231
0.00090320
0.00133560
0.00153739
0.00058677
0.00247332
-0.00099285
0.00317202
0.00140814
-0.00000265
0.00213499
0.00231008
-0.00169296
0.00214649
-0.00249841
0.00112540
0.00090844
0.00109714
0.00225275
-0.00195711
0.00231766
0.00155927
0.00265617
0.00151022
0.00195714
0.00019796
-0.00055328
-0.00035151
0.00049402
0.00090042
-0.00047119
0.00157252
0.00014647
0.00172821
0.00142927
-0.00017350
-0.00161237
0.00272744
0.00140130
0.00191636
-0.00231492
0.00019355
0.00271975
0.00265820
-0.00085566
-0.00257064
0.00174800
-0.00055989
0.00221275
0.00097594
0.00059600
0.00020225
0.00166502
0.00246779
0.00128425
0.00126892
0.00113739
0.00125067
0.00279182
0.00168298
0.00304234
-0.00034895
0.00030053
-0.00085539
0.00109259
-0.00014638
0.00140543
0.00199405
0.00215751
0.00081461
-0.00178536
0.00221765
-0.00168524
0.00164309
0.00237553
0.00129697
-0.00121649
0.00248420
-0.00047242
0.00137510
0.00215003
-0.00102008
-0.00019267
0.00198613
0.00201587
0.00224700
0.00146940
0.00173988
0.00232865
0.00161587
0.00122830
0.00256551
0.00292765
0.00165181
-0.00270588
0.00164349
0.00144589
-0.00066628
0.00240142
0.00115067
0.00144067
-0.00008432
0.00299737
0.00215517
0.00186210
0.00254915
0.00034566
0.00122295
-0.00095799
0.00147232
-0.00022544
-0.00091721
0.00266457
-0.00085672
0.00292585
0.00108075
0.00207917
0.00049037
0.00123412
0.00105431
-0.00011786
0.00163459
0.00245799
-0.00038124
0.00246163
0.00022287
-0.00017078
0.00252653
-0.00063319
-0.00047523
0.00277581
0.00251021
0.00270742
0.00223428
0.00076420
0.00021651
0.00224489
0.00239760
0.00143726
0.00221925
0.00078322
0.00188029
0.00286474
0.00101028
0.00139475
0.00196304
0.00213619
0.00210523
0.00316795
-0.00081299
0.00310184
0.00193227
0.00089927
0.00190272
-0.00129658
0.00205793
0.00034434
0.00134347
0.00112881
0.00183476
0.00047434
0.00139307
-0.00108088
0.00162920
0.00144142
-0.00078337
-0.00070617
0.00024782
0.00112740
0.00269508
-0.00100197
0.00183836
0.00062254
0.00225209
0.00277645
0.00294370
-0.00087145
-0.00028239
0.00270598
-0.00015942
-0.00096917
0.00179399
0.00142006
0.00339320
0.00228554
0.00163562
0.00133175
0.00317022
0.00053682
0.00041870
0.00252682
-0.00190032
0.00337347
0.00121151
0.00018684
0.00109019
-0.00169459
0.00163156
0.00249344
0.00071628
-0.00173130
0.00004515
-0.00103340
0.00015745
0.00272411
0.00088850
0.00140158
0.00093442
0.00109377
0.00017771
0.00130740
0.00116178
0.00161654
0.00309510
0.00077198
0.00241999
-0.00015223
0.00283702
-0.00214709
0.00055472
0.00275606
0.00203108
-0.00037175
0.00127727
0.00264656
0.00243150
0.00253319
0.00120899
0.00153471
0.00334919
0.00142410
0.00139307
0.00367179
0.00095749
0.00108977
0.00328660
0.00113498
0.00182550
0.00057099
0.00141895
0.00067936
0.00253319
0.00294681
0.00237348
0.00272112
0.00249238
-0.00156905
0.00203643
0.00101880
0.00004861
0.00208203
-0.00019920
0.00068830
0.00134784
-0.00035941
0.00295662
0.00356681
0.00258190
0.00291947
0.00276476
0.00040208
0.00222049
0.00139475
0.00226257
0.00210593
0.00168852
0.00086208
-0.00079928
-0.00115480
0.00114518
-0.00096604
-0.00015755
-0.00126596
0.00108242
0.00207752
0.00181821
0.00166265
0.00386907
0.00015745
0.00238951
0.00227248
0.00041594
0.00231955
-0.00250186
0.00096749
-0.00022239
0.00202515
0.00005979
0.00056522
0.00316355
0.00269853
0.00116151
0.00287989
0.00297493
0.00093426
0.00257589
-0.00070391
0.00124100
0.00059330
-0.00072496
0.00236812
0.00065346
0.00027981
0.00001468
0.00062636
-0.00032140
0.00087270
0.00311490
-0.00053179
0.00079851
0.00290241
-0.00040682
0.00185845
0.00064402
-0.00107118
0.00305182
0.00279981
-0.00083190
-0.00043576
0.00270742
0.00174032
0.00173872
-0.00005477
0.00181390
0.00057187
-0.00079465
0.00310920
0.00215055
-0.00086158
0.00207796
0.00114966
0.00276341
-0.00198089
0.00314113
0.00050840
0.00085506
0.00208722
0.00204007
0.00119908
0.00292680
0.00139307
0.00202516
0.00236683
0.00001397
0.00222504
0.00152990
-0.00001993
0.00233809
0.00287423
0.00319171
0.00275623
-0.00155109
-0.00022912
0.00268517
0.00069668
0.00273813
0.00077386
0.00109773
0.00315163
0.00150917
-0.00206561
0.00153026
0.00134347
0.00194343
-0.00212535
0.00273278
0.00277953
0.00267668
0.00325701
0.00222218
0.00318206
-0.00055189
0.00192272
-0.00147272
-0.00130695
0.00223101
0.00166202
0.00100233
0.00170135
0.00039346
0.00183425
0.00146251
0.00274783
0.00092288
0.00316550
0.00096354
0.00092447
0.00112683
-0.00040532
-0.00062172
0.00216344
0.00177841
0.00087469
-0.00143107
0.00213777
0.00221242
-0.00016018
-0.00157678
-0.00059722
0.00238573
0.00067922
0.00222537
-0.00129089
0.00283916
-0.00002202
0.00142229
0.00219299
0.00125655
0.00129216
0.00219231
0.00244251
0.00237403
0.00151902
0.00201550
0.00219861
0.00122116
0.00308165
-0.00040682
0.00378903
0.00204816
0.00062636
0.00274834
0.00292805
-0.00107825
0.00273617
-0.00188530
0.00181521
0.00157464
0.00174832
0.00288204
-0.00133671
0.00293787
0.00225521
0.00327694
0.00216108
0.00260818
0.00084318
0.00006877
0.00028989
0.00116827
0.00155037
0.00014029
0.00220826
0.00076315
0.00237439
0.00214649
0.00043408
-0.00103340
0.00336277
0.00201412
0.00255938
-0.00169028
0.00083762
0.00334761
0.00330270
-0.00025270
-0.00195298
0.00236947
0.00004925
0.00283033
0.00168287
0.00123933
0.00083719
0.00231596
0.00308406
0.00192603
0.00187629
0.00184039
0.00187114
0.00341011
0.00234404
0.00364238
0.00026752
0.00095301
-0.00022992
0.00180213
0.00046512
0.00201806
0.00260662
0.00278731
0.00151335
-0.00116122
0.00285874
-0.00107589
0.00230369
0.00298922
0.00195857
-0.00058435
0.00312336
0.00014957
0.00201774
0.00280658
-0.00039418
0.00044230
0.00262198
0.00267374
0.00287217
0.00212197
0.00236282
0.00295966
0.00226162
0.00186907
0.00320258
0.00352069
0.00225426
-0.00209724
0.00234895
0.00207591
-0.00002469
0.00304359
0.00177496
0.00209394
0.00053976
0.00360643
0.00277674
0.00258228
0.00318459
0.00101363
0.00189938
-0.00030708
0.00212294
0.00039467
-0.00030337
0.00329480
-0.00022694
0.00354659
0.00175802
0.00272536
0.00112028
0.00187407
0.00171084
0.00048521
0.00232457
0.00308544
0.00023345
0.00231096
0.00005413
-0.00032558
0.00236156
-0.00078757
-0.00062738
0.00261205
0.00234973
0.00254275
0.00206383
0.00060225
0.00005540
0.00210420
0.00225487
0.00127968
0.00205985
0.00061669
0.00172921
0.00271726
0.00084198
0.00120452
0.00179826
0.00197052
0.00194663
0.00301750
-0.00098092
0.00294696
0.00173327
0.00073234
0.00176354
-0.00147284
0.00189115
0.00018117
0.00116286
0.00095834
0.00167306
0.00030391
0.00121099
-0.00123447
0.00145849
0.00128184
-0.00094937
-0.00085876
0.00007110
0.00096795
0.00250889
-0.00116522
0.00167041
0.00047209
0.00208596
0.00261642
0.00278389
-0.00102569
-0.00043586
0.00256041
-0.00031510
-0.00112757
0.00163708
0.00125633
0.00324320
0.00210274
0.00147433
0.00117560
0.00301918
0.00038366
0.00025259
0.00233830
-0.00207068
0.00322402
0.00103842
0.00002022
0.00092233
-0.00186680
0.00149076
0.00234919
0.00054427
-0.00190467
-0.00012638
-0.00119542
0.00000355
0.00256549
0.00073061
0.00125461
0.00078860
0.00094222
-0.00000321
0.00113382
0.00100239
0.00144485
0.00292938
0.00059905
0.00224828
-0.00031276
0.00269229
-0.00232109
0.00039439
0.00261490
0.00186098
-0.00053826
0.00110889
0.00246145
0.00227840
0.00239274
0.00105632
0.00136746
0.00320422
0.00127430
0.00121099
0.00353507
0.00078858
0.00093451
0.00314310
0.00097632
0.00165891
0.00040121
0.00126056
0.00052857
0.00239274
0.00280820
0.00218073
0.00254574
0.00233616
-0.00173868
0.00187685
0.00086627
-0.00010955
0.00191766
-0.00037515
0.00051943
0.00117735
-0.00051791
0.00281644
0.00342887
0.00242994
0.00276422
0.00260015
0.00025362
0.00206048
0.00120452
0.00210393
0.00192457
0.00153291
0.00070369
-0.00095262
-0.00131117
0.00098003
-0.00113415
-0.00033436
-0.00142202
0.00091089
0.00190231
0.00165662
0.00150951
0.00373021
0.00000355
0.00219562
0.00213339
0.00024396
0.00216934
-0.00268033
0.00080215
-0.00036992
0.00185224
-0.00009984
0.00041456
0.00297375
0.00254336
0.00100953
0.00274527
0.00281818
0.00076519
0.00241977
-0.00087549
0.00108823
0.00042709
-0.00089269
0.00220785
0.00048606
0.00011160
-0.00015827
0.00046129
-0.00048714
0.00071267
0.00296515
-0.00067483
0.00063584
0.00273067
-0.00057877
0.00169957
0.00048260
-0.00122153
0.00289702
0.00264298
-0.00098757
-0.00059528
0.00254275
0.00158327
0.00158774
-0.00021598
0.00164552
0.00039891
-0.00095751
0.00295236
0.00200308
-0.00102153
0.00192494
0.00098094
0.00257105
-0.00214436
0.00299770
0.00032933
0.00067439
0.00193598
0.00189721
0.00104179
0.00277056
0.00121099
0.00186191
0.00217908
-0.00014470
0.00203641
0.00135187
-0.00016616
0.00219386
0.00270653
0.00303472
0.00259133
-0.00171130
-0.00039360
0.00253109
0.00053412
0.00257502
0.00060389
0.00092200
0.00298879
0.00133822
-0.00224034
0.00136046
0.00116286
0.00178147
-0.00229158
0.00256792
0.00261055
0.00250862
0.00311225
0.00207358
0.00305390
-0.00072010
0.00176746
-0.00163139
-0.00147916
0.00204875
0.00151405
0.00084792
0.00153555
0.00023819
0.00167879
0.00130234
0.00256926
0.00076168
0.00297772
0.00079995
0.00077145
0.00097525
-0.00057355
-0.00079932
0.00200129
0.00162384
0.00071972
-0.00161438
0.00198212
0.00204338
-0.00032368
-0.00173747
-0.00075814
0.00223188
0.00051432
0.00208105
-0.00145127
0.00265627
-0.00017878
0.00125142
0.00202239
0.00110024
0.00112315
0.00204739
0.00229249
0.00223434
0.00137340
0.00186925
0.00204312
0.00106215
0.00294326
-0.00057877
0.00364153
0.00189177
0.00046129
0.00256974
0.00277749
-0.00124575
0.00260662
-0.00206061
0.00167193
0.00140585
0.00159342
0.00273612
-0.00150813
0.00278718
0.00210473
0.00313858
0.00199998
0.00245670
0.00067769
-0.00008930
0.00012058
0.00097632
0.00139640
-0.00002052
0.00202017
0.00059417
0.00221210
0.00199405
0.00028533
-0.00119542
0.00320803
0.00186096
0.00240310
-0.00186151
0.00065811
0.00319036
0.00310993
-0.00039890
-0.00211050
0.00221204
-0.00010597
0.00264734
0.00153077
0.00107948
0.00068589
0.00214671
0.00293227
0.00178003
0.00169493
0.00169452
0.00172063
0.00322136
0.00216733
0.00349338
0.00011606
0.00078685
-0.00039313
0.00164682
0.00030905
0.00187139
0.00241772
0.00264099
0.00136182
-0.00134233
0.00269813
-0.00124071
0.00213722
0.00284839
0.00180905
-0.00074586
0.00297695
-0.00000737
0.00182696
0.00264023
-0.00055660
0.00027325
0.00243749
0.00252096
0.00272346
0.00196195
0.00222685
0.00279981
0.00211545
0.00170187
0.00302034
0.00339055
0.00211574
-0.00226924
0.00219755
0.00191587
-0.00017755
0.00289065
0.00163464
0.00193654
0.00038422
0.00343033
0.00262988
0.00243624
0.00301078
0.00085710
0.00172197
-0.00048370
0.00196629
0.00023054
-0.00045236
0.00314033
-0.00040928
0.00339185
0.00157532
0.00255618
0.00097182
0.00171197
0.00155338
0.00032668
0.00217363
0.00292000
0.00007476
-0.00185544
-0.00423370
-0.00457648
-0.00185261
-0.00510046
-0.00492354
-0.00157812
-0.00186704
-0.00167131
-0.00216246
-0.00363594
-0.00421827
-0.00213044
-0.00196203
-0.00293787
-0.00211908
-0.00360331
-0.00243606
-0.00143938
-0.00336261
-0.00303325
-0.00241579
-0.00219697
-0.00225153
-0.00117444
-0.00530349
-0.00125976
-0.00245051
-0.00349619
-0.00244447
-0.00579496
-0.00232093
-0.00409083
-0.00309292
-0.00323181
-0.00255327
-0.00396689
-0.00304171
-0.00549875
-0.00274485
-0.00289910
-0.00524883
-0.00516490
-0.00415616
-0.00324227
-0.00165325
-0.00542286
-0.00254181
-0.00380103
-0.00210581
-0.00155819
-0.00140523
-0.00534264
-0.00473476
-0.00164024
-0.00459943
-0.00544689
-0.00254843
-0.00299053
-0.00097555
-0.00208499
-0.00273705
-0.00303715
-0.00117966
-0.00389436
-0.00398488
-0.00182768
-0.00641367
-0.00097670
-0.00315166
-0.00423103
-0.00327413
-0.00619510
-0.00269302
-0.00186400
-0.00366218
-0.00623147
-0.00439211
-0.00545563
-0.00428293
-0.00163258
-0.00349624
-0.00294637
-0.00347692
-0.00330816
-0.00427942
-0.00312049
-0.00324388
-0.00273607
-0.00126602
-0.00361718
-0.00193824
-0.00461301
-0.00148014
-0.00664445
-0.00386290
-0.00152980
-0.00235186
-0.00482718
-0.00308491
-0.00170776
-0.00188897
-0.00178715
-0.00320066
-0.00286510
-0.00101277
-0.00295223
-0.00304171
-0.00059435
-0.00340967
-0.00328995
-0.00107260
-0.00326314
-0.00254275
-0.00387867
-0.00294320
-0.00370177
-0.00178715
-0.00136253
-0.00198307
-0.00165275
-0.00181825
-0.00607319
-0.00234762
-0.00338602
-0.00440889
-0.00229083
-0.00460207
-0.00368424
-0.00301452
-0.00479924
-0.00136094
-0.00079040
-0.00175629
-0.00144710
-0.00159891
-0.00402701
-0.00210665
-0.00303325
-0.00206190
-0.00225031
-0.00267232
-0.00353677
-0.00526263
-0.00563072
-0.00327911
-0.00544170
-0.00455931
-0.00570417
-0.00328609
-0.00230094
-0.00254513
-0.00268578
-0.00039350
-0.00428293
-0.00197919
-0.00205723
-0.00404524
-0.00199044
-0.00703434
-0.00340510
-0.00467694
-0.00232743
-0.00438209
-0.00385029
-0.00117723
-0.00167833
-0.00319251
-0.00142999
-0.00135457
-0.00344508
-0.00176749
-0.00519343
-0.00316459
-0.00379347
-0.00515354
-0.00200353
-0.00374849
-0.00418415
-0.00441642
-0.00376914
-0.00480138
-0.00349420
-0.00125233
-0.00496767
-0.00361632
-0.00144815
-0.00482645
-0.00248187
-0.00372584
-0.00555144
-0.00130680
-0.00155116
-0.00529285
-0.00486947
-0.00167131
-0.00265003
-0.00259723
-0.00449724
-0.00256974
-0.00382171
-0.00520955
-0.00125212
-0.00218349
-0.00532606
-0.00224294
-0.00321833
-0.00157964
-0.00648329
-0.00115136
-0.00395752
-0.00356588
-0.00225127
-0.00230826
-0.00316914
-0.00145471
-0.00304171
-0.00230899
-0.00198310
-0.00442726
-0.00214680
-0.00288281
-0.00446369
-0.00198555
-0.00149517
-0.00114042
-0.00160704
-0.00603870
-0.00468182
-0.00167409
-0.00372069
-0.00159915
-0.00360461
-0.00328322
-0.00119761
-0.00287744
-0.00657645
-0.00284085
-0.00309292
-0.00240318
-0.00663917
-0.00164249
-0.00159407
-0.00169051
-0.00107848
-0.00210214
-0.00112016
-0.00502520
-0.00241687
-0.00595927
-0.00580638
-0.00216937
-0.00268821
-0.00337974
-0.00269724
-0.00402446
-0.00250547
-0.00288100
-0.00158582
-0.00349430
-0.00117537
-0.00346740
-0.00348479
-0.00325057
-0.00485309
-0.00507226
-0.00216537
-0.00261844
-0.00350259
-0.00591746
-0.00223220
-0.00216536
-0.00460096
-0.00606929
-0.00506104
-0.00200056
-0.00369672
-0.00214914
-0.00575432
-0.00150924
-0.00444302
-0.00294011
-0.00218111
-0.00311266
-0.00307081
-0.00215529
-0.00188055
-0.00198548
-0.00287619
-0.00230879
-0.00213132
-0.00315729
-0.00126821
-0.00482645
-0.00056776
-0.00233332
-0.00376914
-0.00159360
-0.00143347
-0.00556789
-0.00156905
-0.00639934
-0.00253582
-0.00277292
-0.00261739
-0.00145124
-0.00580970
-0.00141932
-0.00204542
-0.00100866
-0.00217909
-0.00176083
-0.00359064
-0.00438302
-0.00416156
-0.00325408
-0.00277936
-0.00430198
-0.00214959
-0.00364420
-0.00195170
-0.00219270
-0.00401188
-0.00545563
-0.00098071
-0.00234551
-0.00176859
-0.00617664
-0.00355078
-0.00102171
-0.00103596
-0.00469783
-0.00644430
-0.00200605
-0.00437791
-0.00150271
-0.00267286
-0.00313475
-0.00357148
-0.00202744
-0.00128131
-0.00238890
-0.00249540
-0.00249302
-0.00247340
-0.00091111
-0.00205223
-0.00064147
-0.00415742
-0.00342672
-0.00468398
-0.00253124
-0.00392457
-0.00235793
-0.00173868
-0.00156226
-0.00283367
-0.00564826
-0.00145462
-0.00555698
-0.00206904
-0.00132898
-0.00242334
-0.00502430
-0.00120081
-0.00429600
-0.00235478
-0.00156764
-0.00482374
-0.00400851
-0.00173737
-0.00163112
-0.00143349
-0.00219312
-0.00193128
-0.00140313
-0.00205440
-0.00249909
-0.00114937
-0.00078099
-0.00211835
-0.00659498
-0.00197750
-0.00227511
-0.00444727
-0.00129157
-0.00254591
-0.00224088
-0.00389610
-0.00072888
-0.00158896
-0.00173349
-0.00115533
-0.00337174
-0.00250907
-0.00479721
-0.00222445
-0.00401204
-0.00476753
-0.00105125
-0.00468505
-0.00080998
-0.00266243
-0.00163090
-0.00325791
-0.00247867
-0.00264950
-0.00391175
-0.00201196
-0.00125195
-0.00417805
0.00087871
-0.00147195
-0.00188135
0.00087068
-0.00233005
-0.00215346
0.00112972
0.00085718
0.00103285
0.00056120
-0.00091277
-0.00145752
0.00057584
0.00074748
-0.00022769
0.00062062
-0.00085002
0.00028482
0.00127948
-0.00065463
-0.00029974
0.00031448
0.00049608
0.00045904
0.00151845
-0.00252056
0.00145548
0.00028329
-0.00078679
0.00026597
-0.00301857
0.00041415
-0.00133186
-0.00035775
-0.00048402
0.00016199
-0.00118092
-0.00030656
-0.00280990
0.00000804
-0.00015329
-0.00244749
-0.00239572
-0.00138216
-0.00052102
0.00106880
-0.00273504
0.00018780
-0.00106113
0.00061770
0.00114355
0.00130078
-0.00256191
-0.00196533
0.00106219
-0.00182009
-0.00264387
0.00018182
-0.00022711
0.00173511
0.00064412
-0.00002558
-0.00030801
0.00151055
-0.00115293
-0.00124302
0.00089462
-0.00362291
0.00171523
-0.00040355
-0.00151079
-0.00056331
-0.00341640
0.00001720
0.00084670
-0.00091055
-0.00344758
-0.00160554
-0.00276581
-0.00154497
0.00107950
-0.00079082
-0.00022316
-0.00073998
-0.00055239
-0.00148094
-0.00037110
-0.00051259
-0.00000517
0.00144992
-0.00086846
0.00078086
-0.00183841
0.00124611
-0.00386097
-0.00109417
0.00118550
0.00038213
-0.00203146
-0.00034187
0.00101449
0.00084783
0.00091666
-0.00045065
-0.00012354
0.00169274
-0.00022609
-0.00030656
0.00207869
-0.00065777
-0.00061946
0.00162869
-0.00052388
0.00019579
-0.00111467
-0.00022404
-0.00096953
0.00091666
0.00135267
0.00074451
0.00106915
0.00088269
-0.00325057
0.00037596
-0.00063072
-0.00162717
0.00043668
-0.00189204
-0.00097627
-0.00027168
-0.00203014
0.00134886
0.00190340
0.00096857
0.00126386
0.00111306
-0.00127285
0.00062159
-0.00029974
0.00065450
0.00048701
0.00002855
-0.00081164
-0.00246107
-0.00285454
-0.00050659
-0.00264433
-0.00185019
-0.00299669
-0.00054746
0.00042445
0.00015503
0.00004486
0.00227733
-0.00154497
0.00074534
0.00064942
-0.00125892
0.00072282
-0.00423714
-0.00070053
-0.00190181
0.00041660
-0.00160965
-0.00110262
0.00152688
0.00103935
-0.00045623
0.00128145
0.00133994
-0.00070202
0.00093172
-0.00238728
-0.00042221
-0.00109460
-0.00244196
0.00070248
-0.00102972
-0.00139794
-0.00163190
-0.00105751
-0.00203671
-0.00081955
0.00145620
-0.00221220
-0.00086373
0.00126181
-0.00211557
0.00025511
-0.00104825
-0.00276059
0.00140155
0.00114903
-0.00249721
-0.00215937
0.00103285
0.00008380
0.00012873
-0.00172960
0.00016843
-0.00106471
-0.00251513
0.00145656
0.00054481
-0.00252729
0.00049217
-0.00048135
0.00113918
-0.00370381
0.00153805
-0.00120942
-0.00083288
0.00046732
0.00040695
-0.00042563
0.00126681
-0.00030656
0.00041795
0.00073341
-0.00166451
0.00058271
-0.00015558
-0.00169653
0.00070969
0.00122889
0.00156039
0.00110699
-0.00325916
-0.00192142
0.00103411
-0.00095764
0.00110535
-0.00085056
-0.00053058
0.00151229
-0.00014066
-0.00379031
-0.00010856
-0.00035775
0.00033386
-0.00384156
0.00107654
0.00112272
0.00102755
0.00163591
0.00062612
0.00157511
-0.00224122
0.00029469
-0.00318223
-0.00302045
0.00055652
0.00004187
-0.00070266
0.00003481
-0.00130076
0.00020912
-0.00018034
0.00112621
-0.00073686
0.00153644
-0.00072093
-0.00072761
-0.00058376
-0.00209783
-0.00231219
0.00055108
0.00011226
-0.00075360
-0.00315948
0.00048168
0.00056281
-0.00184288
-0.00325195
-0.00228451
0.00071545
-0.00098157
0.00056251
-0.00298561
0.00120982
-0.00168260
-0.00020225
0.00055915
-0.00036952
-0.00033097
0.00055441
0.00084061
0.00070918
-0.00015816
0.00040845
0.00058703
-0.00044618
0.00142581
-0.00211557
0.00213268
0.00038577
-0.00105751
0.00111819
0.00127677
-0.00276411
0.00112683
-0.00361622
0.00019656
-0.00003370
0.00011918
0.00126164
-0.00299403
0.00127454
0.00067867
0.00166669
0.00052033
0.00096687
-0.00082013
-0.00160392
-0.00137886
-0.00050627
-0.00003474
-0.00153734
0.00056198
-0.00089847
0.00073593
0.00053846
-0.00124254
-0.00276581
0.00172262
0.00038101
0.00093216
-0.00340085
-0.00080553
0.00169278
0.00167797
-0.00194383
-0.00365897
0.00070289
-0.00163306
0.00120171
0.00006490
-0.00039816
-0.00083360
0.00067862
0.00142952
0.00034288
0.00024058
0.00023316
0.00020687
0.00179275
0.00066605
0.00205539
-0.00142608
-0.00067694
-0.00191665
0.00019814
-0.00122265
0.00034986
0.00097525
0.00112536
-0.00009892
-0.00287728
0.00124841
-0.00276145
0.00065880
0.00138406
0.00029637
-0.00223466
0.00149433
-0.00152051
0.00036687
0.00115488
-0.00206493
-0.00124804
0.00098347
0.00108230
0.00128463
0.00053289
0.00077332
0.00131007
0.00066785
0.00021934
0.00155784
0.00192142
0.00057569
-0.00381907
0.00075089
0.00045565
-0.00166508
0.00140288
0.00016374
0.00048792
-0.00113859
0.00198533
0.00109821
0.00099185
0.00154711
-0.00061086
0.00022560
-0.00199011
0.00049345
-0.00129302
-0.00199563
0.00164126
-0.00191244
0.00188919
0.00007260
0.00108019
-0.00049507
0.00026744
0.00007626
-0.00120473
0.00071274
0.00143837
-0.00146229
0.00141000
-0.00085056
-0.00122412
0.00140564
-0.00173467
-0.00157798
0.00169093
0.00142631
0.00162113
0.00114794
-0.00030845
-0.00087393
0.00118912
0.00133572
0.00036534
0.00116190
-0.00032094
0.00083390
0.00180291
-0.00003661
0.00030939
0.00086958
0.00107029
0.00100509
0.00210394
-0.00190747
0.00201790
0.00084136
-0.00015985
0.00085781
-0.00237038
0.00092975
-0.00074011
0.00025979
0.00002083
0.00077265
-0.00061862
0.00030859
-0.00212855
0.00056466
0.00035792
-0.00185187
-0.00177973
-0.00086126
0.00003513
0.00162394
-0.00205362
0.00075897
-0.00046204
0.00116577
0.00169009
0.00186819
-0.00195655
-0.00138674
0.00162654
-0.00125812
-0.00204166
0.00073040
0.00033972
0.00231411
0.00122234
0.00056087
0.00021368
0.00208092
-0.00054634
-0.00068023
0.00147443
-0.00298113
0.00229620
0.00011382
-0.00087201
0.00003292
-0.00276918
0.00058928
0.00141393
-0.00038979
-0.00281665
-0.00103463
-0.00208484
-0.00091516
0.00164107
-0.00016408
0.00035154
-0.00015098
-0.00001706
-0.00093059
0.00021412
0.00006511
0.00052264
0.00200899
-0.00032583
0.00134549
-0.00121863
0.00176197
-0.00321999
-0.00052393
0.00169717
0.00091266
-0.00144311
0.00017340
0.00157843
0.00135921
0.00149319
0.00010515
0.00042256
0.00227778
0.00034519
0.00030859
0.00262777
-0.00015409
0.00003744
0.00221401
0.00005650
0.00072833
-0.00051689
0.00031918
-0.00042584
0.00149319
0.00191041
0.00130649
0.00163411
0.00141269
-0.00264950
0.00095844
-0.00008662
-0.00104122
0.00095960
-0.00127233
-0.00036879
0.00024050
-0.00145668
0.00190888
0.00248792
0.00149848
0.00184055
0.00168780
-0.00070342
0.00116454
0.00030939
0.00117444
0.00099467
0.00061331
-0.00023002
-0.00186736
-0.00224048
0.00003902
-0.00204062
-0.00123040
-0.00232006
-0.00002285
0.00098371
0.00075333
0.00058906
0.00282476
-0.00091516
0.00131694
0.00121935
-0.00069107
0.00126758
-0.00358072
-0.00009154
-0.00133162
0.00091998
-0.00101512
-0.00052650
0.00210364
0.00161532
0.00009974
0.00184345
0.00192576
-0.00016685
0.00149345
-0.00181469
0.00015306
-0.00045898
-0.00178784
0.00129499
-0.00039740
-0.00082956
-0.00107097
-0.00042923
-0.00139469
-0.00018001
0.00203392
-0.00159571
-0.00028686
0.00183302
-0.00147581
0.00080291
-0.00042101
-0.00216535
0.00197610
0.00173335
-0.00191305
-0.00150086
0.00162113
0.00067234
0.00065447
-0.00114752
0.00069562
-0.00053687
-0.00185595
0.00203052
0.00107102
-0.00193475
0.00100698
0.00004637
0.00169885
-0.00304811
0.00208515
-0.00057683
-0.00021790
0.00104124
0.00098515
0.00012699
0.00183340
0.00030859
0.00096218
0.00129811
-0.00109636
0.00116108
0.00044297
-0.00110804
0.00129507
0.00178250
0.00211284
0.00168283
-0.00262888
-0.00132204
0.00160237
-0.00038890
0.00165058
-0.00033937
-0.00001123
0.00206443
0.00044035
-0.00314828
0.00042468
0.00025979
0.00084894
-0.00319668
0.00164548
0.00172211
0.00158579
0.00218123
0.00113306
0.00215195
-0.00163422
0.00081544
-0.00253877
-0.00240095
0.00115615
0.00058091
-0.00005421
0.00061465
-0.00067788
0.00073003
0.00042160
0.00166549
-0.00013446
0.00209274
-0.00012440
-0.00018897
0.00007626
-0.00149540
-0.00170430
0.00110787
0.00068838
-0.00018173
-0.00250363
0.00106038
0.00111867
-0.00124847
-0.00264600
-0.00166483
0.00130381
-0.00038683
0.00117566
-0.00236896
0.00178074
-0.00111701
0.00035549
0.00108859
0.00015115
0.00019145
0.00113424
0.00135686
0.00131251
0.00045526
0.00093988
0.00113039
0.00016333
0.00201326
-0.00147581
0.00270774
0.00096681
-0.00042923
0.00168442
0.00185430
-0.00215448
0.00171084
-0.00296738
0.00072738
0.00047796
0.00065118
0.00182267
-0.00241638
0.00187153
0.00118117
0.00222835
0.00106348
0.00152252
-0.00026103
-0.00101685
-0.00081577
0.00007640
0.00049286
-0.00092063
0.00115042
-0.00031267
0.00128101
0.00105431
-0.00066481
-0.00208484
0.00228669
0.00096230
0.00146833
-0.00276791
-0.00026326
0.00226937
0.00223002
-0.00135022
-0.00302065
0.00129576
-0.00103916
0.00177208
0.00060532
0.00014494
-0.00023582
0.00124731
0.00200587
0.00085288
0.00080865
0.00076247
0.00082833
0.00235774
0.00127508
0.00260984
-0.00080790
-0.00015591
-0.00131699
0.00072306
-0.00058072
0.00095190
0.00155338
0.00170705
0.00043797
-0.00223478
0.00180419
-0.00213949
0.00121542
0.00195603
0.00087628
-0.00166427
0.00204582
-0.00091724
0.00093060
0.00171272
-0.00146246
-0.00063376
0.00156167
0.00159567
0.00181605
0.00106663
0.00131184
0.00188806
0.00119892
0.00079272
0.00212763
0.00249347
0.00119139
-0.00316540
0.00125993
0.00098946
-0.00110506
0.00196127
0.00073347
0.00102941
-0.00056074
0.00255398
0.00170992
0.00149233
0.00210874
-0.00006342
0.00082011
-0.00141886
0.00102453
-0.00066254
-0.00140529
0.00222085
-0.00130083
0.00246755
0.00066756
0.00165759
0.00002369
0.00081787
0.00059249
-0.00056856
0.00123193
0.00201703
-0.00081895
-0.00049099
-0.00287656
-0.00324149
-0.00054459
-0.00380594
-0.00362759
-0.00024391
-0.00053416
-0.00030376
-0.00082450
-0.00228951
-0.00288059
-0.00077416
-0.00063518
-0.00157860
-0.00075628
-0.00224085
-0.00108866
-0.00009163
-0.00198200
-0.00164852
-0.00105856
-0.00082647
-0.00091940
0.00017913
-0.00395732
0.00007728
-0.00108601
-0.00213420
-0.00111133
-0.00442778
-0.00101303
-0.00274086
-0.00171028
-0.00185246
-0.00119964
-0.00262081
-0.00165910
-0.00416810
-0.00137777
-0.00151974
-0.00386467
-0.00379745
-0.00280072
-0.00190814
-0.00029442
-0.00407997
-0.00119702
-0.00246569
-0.00075939
-0.00021780
-0.00005114
-0.00400680
-0.00342151
-0.00031198
-0.00328343
-0.00405319
-0.00118720
-0.00166141
0.00035599
-0.00071278
-0.00138879
-0.00171559
0.00014601
-0.00257896
-0.00264452
-0.00043731
-0.00505362
0.00035310
-0.00177300
-0.00285976
-0.00188120
-0.00482632
-0.00134051
-0.00054009
-0.00229414
-0.00487195
-0.00300551
-0.00411347
-0.00292485
-0.00029427
-0.00213459
-0.00159019
-0.00215831
-0.00201169
-0.00293460
-0.00175377
-0.00191127
-0.00137182
0.00006961
-0.00225648
-0.00059002
-0.00322635
-0.00010686
-0.00527151
-0.00251409
-0.00017034
-0.00102692
-0.00342431
-0.00170861
-0.00033695
-0.00053940
-0.00041325
-0.00191023
-0.00152776
0.00033110
-0.00161748
-0.00165910
0.00078184
-0.00204548
-0.00193951
0.00024978
-0.00192511
-0.00117545
-0.00252049
-0.00161073
-0.00237318
-0.00041325
-0.00000273
-0.00061075
-0.00030929
-0.00046031
-0.00467694
-0.00101064
-0.00209272
-0.00306218
-0.00096093
-0.00324510
-0.00230097
-0.00163885
-0.00349388
-0.00002518
0.00052681
-0.00039282
-0.00010499
-0.00025644
-0.00271493
-0.00074024
-0.00164852
-0.00071272
-0.00088175
-0.00134277
-0.00219609
-0.00387304
-0.00428890
-0.00194294
-0.00405362
-0.00320158
-0.00436555
-0.00193296
-0.00095224
-0.00119686
-0.00131560
0.00098503
-0.00292485
-0.00062531
-0.00073191
-0.00270560
-0.00063917
-0.00565933
-0.00204222
-0.00340032
-0.00096866
-0.00299268
-0.00254640
0.00018957
-0.00034268
-0.00183345
-0.00008490
0.00001189
-0.00207471
-0.00042317
-0.00386272
-0.00185443
-0.00242517
-0.00381337
-0.00062852
-0.00238414
-0.00285758
-0.00303693
-0.00241433
-0.00344134
-0.00215321
0.00007785
-0.00362843
-0.00226539
-0.00007548
-0.00348333
-0.00111740
-0.00238050
-0.00422168
0.00003727
-0.00019949
-0.00390833
-0.00352758
-0.00030376
-0.00131495
-0.00125124
-0.00314524
-0.00123906
-0.00245288
-0.00387458
0.00009198
-0.00081209
-0.00392600
-0.00088824
-0.00184604
-0.00021373
-0.00511471
0.00020859
-0.00259077
-0.00221326
-0.00088957
-0.00098128
-0.00180782
-0.00011311
-0.00165910
-0.00094116
-0.00062283
-0.00311725
-0.00076575
-0.00150179
-0.00315946
-0.00063871
-0.00015644
0.00020124
-0.00026383
-0.00467969
-0.00333945
-0.00035426
-0.00236832
-0.00025284
-0.00225071
-0.00192675
0.00014183
-0.00151540
-0.00521312
-0.00148171
-0.00171028
-0.00103520
-0.00527122
-0.00030315
-0.00022757
-0.00034440
0.00026165
-0.00072983
0.00022454
-0.00365981
-0.00110590
-0.00459949
-0.00445905
-0.00079344
-0.00134573
-0.00202948
-0.00135165
-0.00267525
-0.00119158
-0.00149841
-0.00021637
-0.00212847
0.00017703
-0.00212129
-0.00219121
-0.00190181
-0.00350860
-0.00370596
-0.00080240
-0.00128728
-0.00212904
-0.00454781
-0.00088838
-0.00082339
-0.00327799
-0.00465974
-0.00367492
-0.00066421
-0.00233510
-0.00081405
-0.00440060
-0.00013264
-0.00313369
-0.00158582
-0.00082881
-0.00179128
-0.00170390
-0.00083032
-0.00050900
-0.00064601
-0.00152067
-0.00094460
-0.00076464
-0.00178502
0.00005879
-0.00348333
0.00076218
-0.00099984
-0.00241433
-0.00023820
-0.00010535
-0.00419691
-0.00022239
-0.00503749
-0.00117702
-0.00139813
-0.00128449
-0.00008771
-0.00441142
-0.00007442
-0.00067242
0.00034788
-0.00085331
-0.00042308
-0.00226475
-0.00302246
-0.00283495
-0.00188031
-0.00141786
-0.00292116
-0.00076783
-0.00229909
-0.00062680
-0.00082407
-0.00271447
-0.00411347
0.00036092
-0.00098795
-0.00044610
-0.00480178
-0.00217986
0.00031663
0.00033611
-0.00340208
-0.00508105
-0.00067474
-0.00306680
-0.00014969
-0.00129021
-0.00176957
-0.00221923
-0.00065268
0.00006268
-0.00104437
-0.00113222
-0.00112207
-0.00109295
0.00045791
-0.00067477
0.00070950
-0.00282286
-0.00206543
-0.00334939
-0.00115710
-0.00255977
-0.00101006
-0.00036992
-0.00021882
-0.00146111
-0.00427319
-0.00009493
-0.00416607
-0.00071775
0.00003202
-0.00107969
-0.00362919
0.00013618
-0.00294440
-0.00099394
-0.00022859
-0.00342933
-0.00265321
-0.00035643
-0.00028018
-0.00007265
-0.00083251
-0.00058689
-0.00005289
-0.00070654
-0.00115120
0.00022010
0.00056853
-0.00077999
-0.00523027
-0.00060622
-0.00093081
-0.00307348
0.00003744
-0.00119087
-0.00088705
-0.00257918
0.00063705
-0.00024505
-0.00036422
0.00020347
-0.00199811
-0.00113537
-0.00345902
-0.00089283
-0.00266058
-0.00346155
0.00028228
-0.00331357
0.00052676
-0.00128645
-0.00026651
-0.00191279
-0.00111362
-0.00133162
-0.00256883
-0.00064981
0.00009855
-0.00282644
0.00301185
0.00073672
0.00033887
0.00299735
-0.00012557
0.00003867
0.00324114
0.00297290
0.00318172
0.00270050
0.00126522
0.00071648
0.00275383
0.00289463
0.00194610
0.00276587
0.00131810
0.00243557
0.00339819
0.00152328
0.00185942
0.00245931
0.00263935
0.00259031
0.00366058
-0.00032202
0.00358035
0.00244799
0.00138668
0.00244137
-0.00080588
0.00254378
0.00084493
0.00180848
0.00166821
0.00234041
0.00099297
0.00185718
-0.00055783
0.00215821
0.00197731
-0.00026992
-0.00018889
0.00078841
0.00162927
0.00321550
-0.00047608
0.00234465
0.00110749
0.00274984
0.00325945
0.00343006
-0.00035272
0.00022461
0.00321248
0.00036144
-0.00046493
0.00232078
0.00194390
0.00386995
0.00279753
0.00215031
0.00184279
0.00365178
0.00104314
0.00092400
0.00304940
-0.00138064
0.00385245
0.00174745
0.00068489
0.00159927
-0.00117984
0.00218192
0.00297164
0.00125154
-0.00122909
0.00054520
-0.00050711
0.00065449
0.00321256
0.00140786
0.00194466
0.00142101
0.00159845
0.00068572
0.00177652
0.00163826
0.00214562
0.00355273
0.00130110
0.00290351
0.00035163
0.00334549
-0.00163807
0.00109287
0.00331172
0.00253024
0.00012976
0.00181149
0.00316738
0.00299579
0.00307693
0.00170531
0.00203111
0.00382839
0.00193194
0.00185718
0.00421941
0.00149494
0.00160309
0.00375517
0.00164167
0.00234598
0.00106430
0.00192836
0.00118655
0.00307693
0.00349381
0.00288959
0.00318149
0.00302168
-0.00105125
0.00254849
0.00152523
0.00055407
0.00257362
0.00032878
0.00120277
0.00188080
0.00016232
0.00348521
0.00404246
0.00308928
0.00340012
0.00323320
0.00090267
0.00277277
0.00185942
0.00279336
0.00262309
0.00217803
0.00135499
-0.00027609
-0.00063809
0.00165458
-0.00045214
0.00037106
-0.00074234
0.00161015
0.00255605
0.00231734
0.00217285
0.00441889
0.00065449
0.00290250
0.00280008
0.00091814
0.00286508
-0.00199294
0.00147227
0.00028228
0.00255299
0.00054669
0.00107188
0.00368091
0.00318031
0.00169721
0.00344207
0.00347936
0.00146319
0.00306388
-0.00018322
0.00172945
0.00108977
-0.00020620
0.00285470
0.00115030
0.00078892
0.00053890
0.00112303
0.00018524
0.00138318
0.00359105
0.00000413
0.00130421
0.00340698
0.00010784
0.00239922
0.00115142
-0.00054293
0.00354621
0.00330179
-0.00032318
0.00007771
0.00318172
0.00225581
0.00226739
0.00044991
0.00230891
0.00109854
-0.00027690
0.00358132
0.00267663
-0.00035241
0.00263261
0.00167316
0.00329512
-0.00146946
0.00367794
0.00097317
0.00133396
0.00261475
0.00256539
0.00174058
0.00340169
0.00185718
0.00256100
0.00288576
0.00051574
0.00274910
0.00199599
0.00049475
0.00287452
0.00333694
0.00368583
0.00322460
-0.00103522
0.00027057
0.00315822
0.00120591
0.00322135
0.00130653
0.00162450
0.00362667
0.00203251
-0.00156291
0.00205157
0.00180848
0.00245734
-0.00159767
0.00321795
0.00326826
0.00314647
0.00375710
0.00273948
0.00372486
-0.00002796
0.00242599
-0.00094696
-0.00081031
0.00270811
0.00219720
0.00151106
0.00218328
0.00089033
0.00234021
0.00199067
0.00327427
0.00144622
0.00367046
0.00144000
0.00143120
0.00164126
0.00008461
-0.00012802
0.00270854
0.00226357
0.00141768
-0.00094873
0.00264415
0.00268987
0.00035587
-0.00106185
-0.00009930
0.00286093
0.00118954
0.00274116
-0.00076861
0.00335381
0.00050147
0.00195269
0.00269295
0.00177278
0.00182220
0.00271194
0.00295884
0.00288750
0.00202968
0.00254041
0.00273464
0.00174519
0.00356583
0.00010784
0.00425344
0.00252111
0.00112303
0.00326862
0.00341162
-0.00055130
0.00329480
-0.00139094
0.00233533
0.00210792
0.00226148
0.00340685
-0.00081335
0.00344279
0.00279871
0.00381019
0.00264778
0.00307652
0.00134448
0.00058289
0.00079620
0.00164959
0.00211755
0.00064284
0.00272899
0.00127819
0.00285902
0.00266457
0.00093827
-0.00050711
0.00384662
0.00254697
0.00305653
-0.00118221
0.00136600
0.00383003
0.00380865
0.00025194
-0.00141737
0.00283396
0.00056164
0.00335758
0.00219823
0.00176600
0.00133594
0.00281698
0.00355922
0.00247490
0.00240155
0.00235725
0.00237245
0.00393358
0.00282289
0.00418576
0.00076965
0.00148179
0.00029198
0.00232300
0.00097809
0.00253414
0.00314033
0.00328326
0.00204255
-0.00067535
0.00338361
-0.00057483
0.00278474
0.00353469
0.00243216
-0.00006462
0.00360418
0.00068389
0.00252786
0.00326545
0.00011526
0.00095674
0.00313653
0.00321027
0.00341775
0.00267516
0.00292177
0.00343706
0.00281481
0.00236059
0.00370863
0.00405755
0.00275406
-0.00158719
0.00287995
0.00259792
0.00050927
0.00351165
0.00232496
0.00262977
0.00102798
0.00412415
0.00327067
0.00310159
0.00369775
0.00155761
0.00237608
0.00020615
0.00262473
0.00089031
0.00020851
0.00375790
0.00028497
0.00401516
0.00222842
0.00321130
0.00165461
0.00241131
0.00222085
0.00098178
0.00284252
0.00359572
0.00072798
